Pre-processing the instance.
Done in 3 seconds.

Running CLARKE&WRIGHT to generate an initial solution.
Done in 0 seconds.
Initial solution: obj = 2.22316e+07, n. of routes = 810.

Setting up MOVEGENERATORS data structures.
Done in 0 seconds.
Using at most 596914 move-generators out of 400000000 total arcs (approx. 0.14923%)

Computing a greedy upper bound on the n. of routes.
Done in 2 milliseconds.
Around 800 routes should do the job.

Running ROUTEMIN heuristic for at most 1000 iterations.
Starting solution: obj = 2.2232e+07, n. of routes = 810.
Final solution: obj = 2.1932e+07, n. routes = 801
Done in 1 seconds.

Shaking LB = 380.75
Shaking UB = 863.03
Simulated annealing temperature goes from 1777.3 to 17.773.

Running COREOPT for 85 seconds.

[1m     %   Iterations    Objective   Routes       Iter/s      Eta (s)   RR (micro)   LS (micro)   Gamma    Omega     Temp  [0m
                                                                                                                         
  2.36         4014     21863580      803      1997.00        83.00        53.83       438.69    0.25    10.80   1594.49 
  4.71         7583     21863580      803      1891.00        81.00        57.14       465.11    0.25    11.53   1430.59 
  7.06        10883     21863580      803      1810.00        79.00        58.96       486.33    0.25    12.22   1283.68 
  9.42        14116     21848114      803      1762.00        77.00        60.84       498.68    0.25    12.91   1151.85 
 11.77        17120     21844709      804      1710.00        75.00        62.48       514.37    0.25    13.47   1033.51 
 14.12        19940     21842091      803      1660.00        73.00        64.08       530.49    0.25    14.02   927.38 
 16.48        22745     21831205      802      1623.00        71.00        65.68       542.49    0.25    14.57   832.14 
 18.83        25402     21828681      802      1586.00        69.00        67.29       555.40    0.25    15.11   746.61 
 21.19        28095     21825041      801      1559.00        67.00        68.32       564.93    0.25    15.61   669.94 
 23.54        30675     21821529      802      1532.00        65.00        69.50       575.00    0.25    16.01   601.11 
 25.90        33149     21821529      802      1506.00        63.00        70.59       585.83    0.25    16.48   539.23 
 28.25        35558     21818741      802      1480.00        61.00        71.78       595.74    0.25    16.88   483.86 
 30.60        37864     21815037      801      1455.00        59.00        72.74       606.42    0.25    17.28   434.17 
 32.96        40116     21813868      802      1432.00        57.00        73.75       616.62    0.25    17.60   389.56 
 35.31        42319     21813868      802      1410.00        55.00        74.76       626.55    0.25    17.92   349.55 

[1m     %   Iterations    Objective   Routes       Iter/s      Eta (s)   RR (micro)   LS (micro)   Gamma    Omega     Temp  [0m
                                                                                                                         
 37.67        44410     21813042      801      1387.00        53.00        75.59       637.16    0.25    18.19   313.64 
 40.02        46572     21810122      801      1369.00        51.00        76.53       645.64    0.26    18.53   281.42 
 42.38        48806     21807045      801      1355.00        49.00        77.41       652.21    0.26    18.87   252.49 
 44.73        50889     21806134      801      1338.00        47.00        78.39       660.29    0.26    19.25   226.55 
 47.08        52875     21806134      801      1321.00        45.00        79.27       669.18    0.26    19.55   203.28 
 49.44        54804     21789783      801      1304.00        43.00        80.11       678.08    0.27    19.89   182.39 
 51.79        56793     21786015      801      1290.00        41.00        81.10       685.29    0.27    20.30   163.64 
 54.15        58587     21782590      801      1273.00        39.00        81.91       694.75    0.27    20.54   146.84 
 56.50        60500     21780215      801      1260.00        37.00        82.65       702.15    0.27    20.91   131.75 
 58.85        62414     21777035      801      1248.00        35.00        83.35       709.05    0.27    21.24   118.22 
 61.21        64295     21774563      800      1236.00        33.00        84.06       715.96    0.27    21.57   106.06 
 63.56        66144     21772768      800      1224.00        31.00        84.79       722.78    0.27    21.87    95.17 
 65.92        67968     21769965      801      1213.00        29.00        85.75       729.24    0.27    22.20    85.39 
 68.27        69897     21767649      800      1204.00        27.00        86.55       734.22    0.27    22.56    76.62 
 70.62        71778     21766363      800      1196.00        25.00        87.37       739.47    0.27    22.95    68.75 

[1m     %   Iterations    Objective   Routes       Iter/s      Eta (s)   RR (micro)   LS (micro)   Gamma    Omega     Temp  [0m
                                                                                                                         
 72.98        73617     21764422      800      1187.00        23.00        88.17       744.87    0.27    23.25    61.69 
 75.33        75579     21761533      800      1180.00        21.00        89.02       748.56    0.27    23.71    55.36 
 77.68        77447     21759150      800      1173.00        19.00        89.86       753.04    0.27    23.91    49.67 
 80.04        79335     21757078      800      1166.00        17.00        90.67       757.10    0.27    24.17    44.57 
 82.39        81227     21755982      800      1160.00        15.00        91.46       760.92    0.27    24.46    39.99 
 84.74        83161     21753738      800      1154.00        13.00        92.25       764.09    0.27    24.70    35.88 
 87.10        85013     21752943      800      1148.00        11.00        93.07       767.91    0.27    25.03    32.20 
 89.45        86911     21750265      800      1143.00         9.00        93.85       771.06    0.27    25.35    28.89 
 91.80        88874     21746690      800      1139.00         7.00        94.78       773.27    0.26    25.70    25.92 
 94.16        90850     21744752      800      1135.00         5.00        95.62       775.31    0.26    26.05    23.26 
 96.51        92927     21743137      800      1133.00         3.00        96.40       776.34    0.26    26.47    20.87 

Best solution found:
obj = 21742280, n. routes = 800

Run completed in 89 seconds 
Results stored in
 - results/bench/filo2_vda_matched2/Valle-D-Aosta.vrp_seed-1.out
 - results/bench/filo2_vda_matched2/Valle-D-Aosta.vrp_seed-1.vrp.sol
