Pre-processing the instance.
Done in 3 seconds.

Running CLARKE&WRIGHT to generate an initial solution.
Done in 0 seconds.
Initial solution: obj = 2.22316e+07, n. of routes = 810.

Setting up MOVEGENERATORS data structures.
Done in 0 seconds.
Using at most 596914 move-generators out of 400000000 total arcs (approx. 0.14923%)

Computing a greedy upper bound on the n. of routes.
Done in 3 milliseconds.
Around 800 routes should do the job.

Running ROUTEMIN heuristic for at most 1000 iterations.
Starting solution: obj = 2.2232e+07, n. of routes = 810.
Final solution: obj = 2.1975e+07, n. routes = 802
Done in 1 seconds.

Shaking LB = 381.45
Shaking UB = 864.62
Simulated annealing temperature goes from 1787.3 to 17.873.

Running COREOPT for 85 seconds.

[1m     %   Iterations    Objective   Routes       Iter/s      Eta (s)   RR (micro)   LS (micro)   Gamma    Omega     Temp  [0m
                                                                                                                         
  2.35         3698     21897154      804      1839.00        83.00        54.05       479.85    0.25    10.81   1603.78 
  4.71         7463     21888913      804      1861.00        81.00        56.58       472.85    0.25    11.68   1439.08 
  7.06        10867     21885879      804      1808.00        79.00        58.87       487.26    0.25    12.38   1291.16 
  9.41        13895     21885879      804      1734.00        77.00        60.57       508.52    0.25    13.03   1158.57 
 11.77        16753     21884997      802      1673.00        75.00        62.23       527.36    0.25    13.61   1039.48 
 14.12        19560     21871175      802      1628.00        73.00        63.78       542.28    0.25    14.08   932.73 
 16.48        22223     21860564      803      1586.00        71.00        65.14       557.33    0.25    14.56   836.90 
 18.83        24798     21854970      801      1548.00        69.00        66.51       571.05    0.25    14.98   750.96 
 21.18        27256     21854970      801      1513.00        67.00        67.65       585.23    0.25    15.36   673.80 
 23.54        29564     21853812      802      1477.00        65.00        68.86       599.86    0.25    15.79   604.61 
 25.89        31878     21853302      801      1448.00        63.00        69.92       612.39    0.25    16.17   542.52 
 28.24        34135     21847578      802      1421.00        61.00        71.05       624.20    0.25    16.52   486.75 
 30.60        36297     21847578      802      1395.00        59.00        72.09       636.48    0.25    16.82   436.72 
 32.95        38492     21843679      802      1374.00        57.00        73.11       646.28    0.25    17.19   391.87 
 35.31        40699     21835811      801      1356.00        55.00        74.12       654.84    0.25    17.58   351.61 

[1m     %   Iterations    Objective   Routes       Iter/s      Eta (s)   RR (micro)   LS (micro)   Gamma    Omega     Temp  [0m
                                                                                                                         
 37.66        42857     21835150      802      1338.00        53.00        75.03       663.52    0.25    17.95   315.45 
 40.02        45052     21833504      802      1324.00        51.00        75.93       670.52    0.25    18.35   283.06 
 42.37        47217     21831457      801      1311.00        49.00        76.85       677.35    0.26    18.69   253.98 
 44.73        49242     21831457      801      1295.00        47.00        77.73       685.76    0.26    18.99   227.87 
 47.08        51172     21828516      801      1278.00        45.00        78.51       694.76    0.26    19.32   204.45 
 49.44        53143     21826871      801      1265.00        43.00        79.29       702.57    0.26    19.65   183.43 
 51.79        55058     21820778      801      1251.00        41.00        80.14       710.45    0.26    19.97   164.58 
 54.15        56986     21818437      801      1238.00        39.00        80.92       717.63    0.27    20.33   147.67 
 56.50        58853     21817921      801      1225.00        37.00        81.64       725.20    0.27    20.62   132.50 
 58.85        60742     21816287      801      1214.00        35.00        82.45       731.84    0.27    20.96   118.90 
 61.21        62603     21814050      801      1203.00        33.00        83.27       738.40    0.27    21.29   106.68 
 63.56        64487     21811536      801      1193.00        31.00        84.11       744.23    0.27    21.71    95.72 
 65.91        66304     21809119      800      1183.00        29.00        84.83       750.64    0.27    22.00    85.89 
 68.27        68170     21795269      800      1175.00        27.00        85.61       756.05    0.27    22.32    77.06 
 70.62        69902     21792907      800      1164.00        25.00        86.45       762.68    0.27    22.60    69.14 

[1m     %   Iterations    Objective   Routes       Iter/s      Eta (s)   RR (micro)   LS (micro)   Gamma    Omega     Temp  [0m
                                                                                                                         
 72.98        71677     21791474      800      1155.00        23.00        87.15       768.59    0.27    22.88    62.03 
 75.34        73421     21789957      800      1147.00        21.00        87.86       774.54    0.27    23.11    55.65 
 77.69        75308     21788551      800      1140.00        19.00        88.56       778.49    0.27    23.44    49.94 
 80.04        77107     21787600      800      1133.00        17.00        89.34       783.16    0.28    23.81    44.81 
 82.40        78902     21786173      800      1127.00        15.00        90.06       787.66    0.28    24.14    40.20 
 84.75        80755     21783736      800      1121.00        13.00        90.78       791.27    0.27    24.37    36.07 
 87.10        82623     21781440      800      1116.00        11.00        91.55       794.51    0.27    24.68    32.37 
 89.46        84566     21778708      800      1112.00         9.00        92.38       796.70    0.27    25.00    29.04 
 91.81        86530     21777687      800      1109.00         7.00        93.18       798.58    0.27    25.38    26.06 
 94.16        88426     21775814      800      1105.00         5.00        94.05       800.96    0.27    25.80    23.38 
 96.52        90341     21774035      800      1101.00         3.00        94.90       803.03    0.27    26.19    20.98 
 98.87        92265     21772546      800      1098.00         1.00        95.73       804.93    0.27    26.51    18.83 

Best solution found:
obj = 21772546, n. routes = 800

Run completed in 89 seconds 
Results stored in
 - results/bench/filo2_vda_matched2/Valle-D-Aosta.vrp_seed-3.out
 - results/bench/filo2_vda_matched2/Valle-D-Aosta.vrp_seed-3.vrp.sol
