Pre-processing the instance.
Done in 3 seconds.

Running CLARKE&WRIGHT to generate an initial solution.
Done in 0 seconds.
Initial solution: obj = 2.22316e+07, n. of routes = 810.

Setting up MOVEGENERATORS data structures.
Done in 0 seconds.
Using at most 596914 move-generators out of 400000000 total arcs (approx. 0.14923%)

Computing a greedy upper bound on the n. of routes.
Done in 2 milliseconds.
Around 800 routes should do the job.

Running ROUTEMIN heuristic for at most 1000 iterations.
Starting solution: obj = 2.2232e+07, n. of routes = 810.
Final solution: obj = 2.1903e+07, n. routes = 802
Done in 1 seconds.

Shaking LB = 380.21
Shaking UB = 861.81
Simulated annealing temperature goes from 1786.9 to 17.869.

Running COREOPT for 85 seconds.

[1m     %   Iterations    Objective   Routes       Iter/s      Eta (s)   RR (micro)   LS (micro)   Gamma    Omega     Temp  [0m
                                                                                                                         
  2.35         4303     21854963      803      2140.00        83.00        54.59       404.55    0.25    10.93   1603.37 
  4.71         8077     21853566      804      2014.00        81.00        56.88       432.35    0.25    11.74   1438.63 
  7.06        11480     21848620      805      1910.00        79.00        58.97       457.58    0.25    12.49   1290.90 
  9.41        14734     21842946      803      1839.00        77.00        61.06       475.55    0.25    13.20   1158.33 
 11.77        17916     21837110      802      1789.00        75.00        62.76       489.19    0.25    13.91   1039.32 
 14.12        20756     21826458      803      1728.00        73.00        64.48       506.95    0.25    14.44   932.54 
 16.48        23587     21819717      802      1683.00        71.00        66.08       520.62    0.25    14.97   836.73 
 18.83        26283     21813075      802      1641.00        69.00        67.64       534.16    0.25    15.49   750.76 
 21.18        28854     21794960      801      1602.00        67.00        68.90       547.96    0.25    16.02   673.63 
 23.54        31336     21793764      802      1566.00        65.00        70.16       560.94    0.25    16.40   604.42 
 25.89        33754     21790521      804      1533.00        63.00        71.40       573.11    0.25    16.80   542.35 
 28.24        36008     21790521      804      1499.00        61.00        72.48       586.82    0.25    17.19   486.65 
 30.60        38291     21789447      801      1472.00        59.00        73.51       598.11    0.25    17.52   436.65 
 32.95        40567     21789172      801      1448.00        57.00        74.45       608.28    0.25    17.92   391.81 
 35.30        42746     21786068      801      1424.00        55.00        75.40       618.82    0.25    18.28   351.58 

[1m     %   Iterations    Objective   Routes       Iter/s      Eta (s)   RR (micro)   LS (micro)   Gamma    Omega     Temp  [0m
                                                                                                                         
 37.66        44958     21784059      801      1404.00        53.00        76.35       627.78    0.25    18.74   315.46 
 40.01        47177     21781888      801      1387.00        51.00        77.31       635.57    0.25    19.12   283.05 
 42.36        49242     21780523      801      1367.00        49.00        78.24       644.93    0.26    19.45   253.98 
 44.72        51170     21780523      801      1346.00        47.00        79.33       655.36    0.26    19.85   227.88 
 47.07        53145     21778424      801      1328.00        45.00        80.29       664.27    0.26    20.14   204.46 
 49.43        55162     21776611      801      1313.00        43.00        81.23       671.98    0.27    20.56   183.46 
 51.78        57057     21775776      800      1296.00        41.00        82.12       680.74    0.27    20.92   164.61 
 54.14        58910     21770140      801      1280.00        39.00        82.88       689.54    0.27    21.28   147.70 
 56.49        60643     21770140      801      1263.00        37.00        83.64       699.40    0.27    21.53   132.53 
 58.84        62362     21768934      800      1246.00        35.00        84.35       708.77    0.28    21.72   118.91 
 61.20        64029     21766630      800      1231.00        33.00        85.09       718.28    0.28    21.97   106.70 
 63.55        65778     21764666      801      1217.00        31.00        85.82       726.26    0.28    22.31    95.74 
 65.90        67526     21762055      800      1205.00        29.00        86.65       733.69    0.28    22.60    85.91 
 68.26        69276     21760073      800      1194.00        27.00        87.35       740.82    0.28    22.89    77.08 
 70.61        71013     21758391      800      1183.00        25.00        88.03       747.78    0.28    23.25    69.16 

[1m     %   Iterations    Objective   Routes       Iter/s      Eta (s)   RR (micro)   LS (micro)   Gamma    Omega     Temp  [0m
                                                                                                                         
 72.97        72815     21756467      800      1174.00        23.00        88.80       753.49    0.28    23.57    62.05 
 75.32        74698     21752285      801      1166.00        21.00        89.60       757.93    0.28    23.88    55.68 
 77.67        76520     21750799      800      1159.00        19.00        90.34       762.89    0.27    24.26    49.96 
 80.03        78329     21749875      800      1151.00        17.00        91.11       767.70    0.28    24.57    44.83 
 82.38        80163     21749156      800      1145.00        15.00        91.91       771.95    0.27    24.93    40.22 
 84.74        82023     21746215      800      1139.00        13.00        92.74       775.63    0.27    25.25    36.09 
 87.09        83887     21744906      800      1133.00        11.00        93.64       779.02    0.27    25.60    32.38 
 89.44        85796     21742626      800      1128.00         9.00        94.46       781.82    0.27    25.94    29.06 
 91.80        87781     21740960      800      1125.00         7.00        95.31       783.70    0.27    26.42    26.07 
 94.15        89630     21740142      800      1120.00         5.00        96.15       786.81    0.27    26.65    23.39 
 96.50        91466     21739286      800      1115.00         3.00        96.99       789.88    0.27    26.96    20.99 
 98.86        93310     21738230      800      1110.00         1.00        97.89       792.66    0.27    27.19    18.83 

Best solution found:
obj = 21738205, n. routes = 800

Run completed in 89 seconds 
Results stored in
 - results/bench/filo2_vda_matched2/Valle-D-Aosta.vrp_seed-2.out
 - results/bench/filo2_vda_matched2/Valle-D-Aosta.vrp_seed-2.vrp.sol
