Pre-processing the instance.
Done in 3 seconds.

Running CLARKE&WRIGHT to generate an initial solution.
Done in 0 seconds.
Initial solution: obj = 2.22316e+07, n. of routes = 810.

Setting up MOVEGENERATORS data structures.
Done in 0 seconds.
Using at most 596914 move-generators out of 400000000 total arcs (approx. 0.14923%)

Computing a greedy upper bound on the n. of routes.
Done in 2 milliseconds.
Around 800 routes should do the job.

Running ROUTEMIN heuristic for at most 1000 iterations.
Starting solution: obj = 2.2232e+07, n. of routes = 810.
Final solution: obj = 2.1909e+07, n. routes = 802
Done in 1 seconds.

Shaking LB = 380.32
Shaking UB = 862.05
Simulated annealing temperature goes from 1786.7 to 17.867.

Running COREOPT for 85 seconds.

[1m     %   Iterations    Objective   Routes       Iter/s      Eta (s)   RR (micro)   LS (micro)   Gamma    Omega     Temp  [0m
                                                                                                                         
  2.35         4173     21844712      804      2076.00        83.00        54.12       418.77    0.25    10.88   1603.18 
  4.71         7892     21844269      801      1968.00        81.00        55.99       445.01    0.25    11.62   1438.54 
  7.06        11318     21838429      802      1883.00        79.00        58.31       465.27    0.25    12.40   1290.82 
  9.41        14588     21832455      801      1821.00        77.00        59.94       482.20    0.25    13.08   1158.13 
 11.77        17667     21832455      801      1764.00        75.00        61.57       497.94    0.25    13.69   1039.20 
 14.12        20636     21832455      801      1718.00        73.00        63.17       511.75    0.25    14.23   932.38 
 16.48        23417     21829349      804      1671.00        71.00        64.61       525.95    0.25    14.77   836.59 
 18.83        26111     21827670      803      1630.00        69.00        66.01       539.49    0.25    15.29   750.68 
 21.18        28713     21826848      802      1594.00        67.00        67.35       552.24    0.25    15.69   673.59 
 23.54        31236     21825247      803      1561.00        65.00        68.63       564.33    0.25    16.17   604.41 
 25.89        33666     21821671      801      1529.00        63.00        69.82       576.14    0.25    16.56   542.35 
 28.24        36055     21820591      802      1501.00        61.00        70.86       587.27    0.25    16.94   486.62 
 30.60        38373     21818207      802      1475.00        59.00        72.01       597.87    0.25    17.40   436.63 
 32.95        40644     21814517      802      1451.00        57.00        73.10       608.12    0.25    17.71   391.77 
 35.30        42759     21814517      802      1424.00        55.00        74.17       619.75    0.25    17.98   351.54 

[1m     %   Iterations    Objective   Routes       Iter/s      Eta (s)   RR (micro)   LS (micro)   Gamma    Omega     Temp  [0m
                                                                                                                         
 37.66        44899     21808211      801      1402.00        53.00        75.24       629.50    0.26    18.36   315.44 
 40.02        46908     21795126      801      1379.00        51.00        76.25       640.59    0.26    18.71   282.97 
 42.37        48895     21791459      801      1357.00        49.00        77.16       650.99    0.26    18.98   253.91 
 44.72        50871     21789627      801      1338.00        47.00        78.01       660.78    0.26    19.38   227.82 
 47.08        52819     21788493      801      1320.00        45.00        78.84       670.14    0.27    19.74   204.41 
 49.43        54808     21784066      801      1304.00        43.00        79.76       678.12    0.27    20.06   183.41 
 51.78        56781     21780981      801      1290.00        41.00        80.51       685.91    0.27    20.48   164.57 
 54.14        58610     21779313      800      1273.00        39.00        81.24       695.09    0.27    20.82   147.64 
 56.50        60409     21778031      801      1258.00        37.00        82.02       703.94    0.28    21.13   132.47 
 58.85        62245     21775389      801      1244.00        35.00        82.90       711.70    0.28    21.38   118.85 
 61.21        64007     21774129      801      1230.00        33.00        83.73       719.91    0.28    21.70   106.64 
 63.56        65762     21771312      801      1217.00        31.00        84.59       727.68    0.27    21.92    95.68 
 65.91        67646     21768464      800      1207.00        29.00        85.37       733.53    0.27    22.25    85.85 
 68.27        69565     21765269      801      1199.00        27.00        86.17       738.58    0.27    22.58    77.03 
 70.62        71513     21763643      800      1191.00        25.00        87.02       742.93    0.27    22.95    69.11 

[1m     %   Iterations    Objective   Routes       Iter/s      Eta (s)   RR (micro)   LS (micro)   Gamma    Omega     Temp  [0m
                                                                                                                         
 72.98        73404     21761517      800      1183.00        23.00        87.83       747.69    0.27    23.30    62.02 
 75.33        75384     21757314      800      1177.00        21.00        88.74       751.06    0.27    23.70    55.65 
 77.68        77382     21755758      800      1172.00        19.00        89.60       754.08    0.27    24.14    49.93 
 80.04        79274     21754240      800      1165.00        17.00        90.41       758.09    0.27    24.44    44.80 
 82.39        81211     21752523      800      1159.00        15.00        91.28       761.34    0.27    24.74    40.20 
 84.74        83178     21750869      800      1155.00        13.00        92.09       764.16    0.27    25.10    36.07 
 87.10        85128     21748846      800      1150.00        11.00        92.87       767.01    0.27    25.39    32.36 
 89.45        87050     21747351      800      1145.00         9.00        93.66       769.95    0.27    25.80    29.04 
 91.81        89018     21746495      800      1141.00         7.00        94.49       772.26    0.27    26.15    26.06 
 94.16        90903     21744558      800      1136.00         5.00        95.31       775.25    0.27    26.37    23.38 
 96.51        92744     21742838      800      1130.00         3.00        96.15       778.46    0.27    26.71    20.98 
 98.87        94628     21741280      800      1126.00         1.00        96.95       781.16    0.27    26.92    18.82 

Best solution found:
obj = 21741231, n. routes = 800

Run completed in 89 seconds 
Results stored in
 - results/bench/filo2_vda_matched2/Valle-D-Aosta.vrp_seed-4.out
 - results/bench/filo2_vda_matched2/Valle-D-Aosta.vrp_seed-4.vrp.sol
