Pre-processing the instance.
Done in 3 seconds.

Running CLARKE&WRIGHT to generate an initial solution.
Done in 0 seconds.
Initial solution: obj = 2.22316e+07, n. of routes = 810.

Setting up MOVEGENERATORS data structures.
Done in 0 seconds.
Using at most 596914 move-generators out of 400000000 total arcs (approx. 0.14923%)

Computing a greedy upper bound on the n. of routes.
Done in 2 milliseconds.
Around 800 routes should do the job.

Running ROUTEMIN heuristic for at most 1000 iterations.
Starting solution: obj = 2.2232e+07, n. of routes = 810.
Final solution: obj = 2.1931e+07, n. routes = 802
Done in 1 seconds.

Shaking LB = 380.69
Shaking UB = 862.9
Simulated annealing temperature goes from 1774.2 to 17.742.

Running COREOPT for 85 seconds.

[1m     %   Iterations    Objective   Routes       Iter/s      Eta (s)   RR (micro)   LS (micro)   Gamma    Omega     Temp  [0m
                                                                                                                         
  2.35         3421     21852679      803      1701.00        83.00        54.86       522.26    0.25    10.69   1592.01 
  4.71         7064     21839360      802      1761.00        81.00        56.83       502.57    0.25    11.48   1428.52 
  7.06        10379     21826311      803      1726.00        79.00        58.44       512.84    0.25    12.20   1281.68 
  9.41        13531     21818831      802      1689.00        77.00        60.36       524.01    0.25    12.89   1150.06 
 11.77        16325     21809345      802      1630.00        75.00        61.89       543.73    0.25    13.40   1031.90 
 14.12        19148     21806264      802      1594.00        73.00        63.40       556.30    0.25    13.91   925.93 
 16.48        21718     21805168      802      1550.00        71.00        64.77       572.93    0.25    14.43   830.80 
 18.83        24227     21804407      802      1513.00        69.00        66.02       587.04    0.25    14.90   745.45 
 21.18        26892     21801094      801      1493.00        67.00        67.16       594.83    0.25    15.41   668.86 
 23.54        29419     21797032      801      1470.00        65.00        68.23       604.12    0.25    15.82   600.14 
 25.89        31848     21795488      803      1446.00        63.00        69.23       614.02    0.25    16.25   538.48 
 28.25        34312     21791431      802      1429.00        61.00        70.52       621.32    0.25    16.66   483.15 
 30.60        36837     21790077      802      1416.00        59.00        71.67       626.52    0.25    17.09   433.54 
 32.95        39173     21787367      802      1398.00        57.00        72.72       634.30    0.25    17.55   389.00 
 35.31        41459     21785484      801      1381.00        55.00        73.66       642.11    0.25    17.95   349.05 

[1m     %   Iterations    Objective   Routes       Iter/s      Eta (s)   RR (micro)   LS (micro)   Gamma    Omega     Temp  [0m
                                                                                                                         
 37.66        43684     21783934      801      1364.00        53.00        74.60       650.00    0.25    18.33   313.20 
 40.02        45833     21782640      801      1347.00        51.00        75.69       658.25    0.25    18.79   280.98 
 42.37        47986     21779654      801      1332.00        49.00        76.76       665.43    0.25    19.23   252.12 
 44.72        49954     21778547      802      1314.00        47.00        77.77       674.84    0.26    19.52   226.21 
 47.08        51876     21777607      801      1296.00        45.00        78.59       684.26    0.26    19.78   202.98 
 49.43        53872     21774991      802      1282.00        43.00        79.47       691.83    0.26    20.07   182.12 
 51.78        55859     21772373      801      1269.00        41.00        80.38       698.89    0.26    20.38   163.42 
 54.14        57876     21770394      801      1257.00        39.00        81.25       705.03    0.26    20.81   146.63 
 56.49        59768     21770394      801      1244.00        37.00        82.13       712.46    0.27    21.13   131.57 
 58.85        61675     21768918      801      1233.00        35.00        83.03       719.03    0.27    21.54   118.06 
 61.20        63477     21765545      801      1220.00        33.00        83.90       726.54    0.27    21.85   105.93 
 63.55        65377     21763498      801      1210.00        31.00        84.76       732.41    0.27    22.18    95.04 
 65.91        67155     21760831      801      1198.00        29.00        85.57       739.44    0.27    22.54    85.28 
 68.26        69099     21757875      801      1191.00        27.00        86.42       744.01    0.27    22.87    76.51 
 70.62        70968     21756634      801      1182.00        25.00        87.35       749.08    0.27    23.14    68.65 

[1m     %   Iterations    Objective   Routes       Iter/s      Eta (s)   RR (micro)   LS (micro)   Gamma    Omega     Temp  [0m
                                                                                                                         
 72.97        72819     21753055      801      1174.00        23.00        88.16       754.18    0.27    23.45    61.59 
 75.33        74694     21750489      800      1166.00        21.00        88.99       758.70    0.27    23.78    55.26 
 77.68        76520     21748444      800      1159.00        19.00        89.84       763.48    0.27    24.06    49.59 
 80.04        78446     21747044      800      1153.00        17.00        90.62       766.99    0.27    24.41    44.49 
 82.39        80247     21746022      800      1146.00        15.00        91.48       771.54    0.27    24.77    39.92 
 84.74        82126     21743091      800      1140.00        13.00        92.38       775.00    0.27    25.13    35.82 
 87.10        84050     21739139      800      1135.00        11.00        93.28       777.78    0.27    25.51    32.14 
 89.45        85932     21737935      800      1130.00         9.00        94.22       780.79    0.27    25.88    28.84 
 91.80        87813     21736782      800      1125.00         7.00        95.08       783.70    0.27    26.16    25.88 
 94.16        89704     21734914      800      1121.00         5.00        95.94       786.36    0.27    26.52    23.22 
 96.51        91709     21732018      800      1118.00         3.00        96.77       787.80    0.26    26.86    20.83 
 98.87        93627     21731006      800      1114.00         1.00        97.59       790.01    0.26    27.18    18.69 

Best solution found:
obj = 21731006, n. routes = 800

Run completed in 89 seconds 
Results stored in
 - results/bench/filo2_vda_matched2/Valle-D-Aosta.vrp_seed-5.out
 - results/bench/filo2_vda_matched2/Valle-D-Aosta.vrp_seed-5.vrp.sol
