Pre-processing the instance.
Done in 5 seconds.

Running CLARKE&WRIGHT to generate an initial solution.
Done in 0 seconds.
Initial solution: obj = 2.22316e+07, n. of routes = 810.

Setting up MOVEGENERATORS data structures.
Done in 0 seconds.
Using at most 596914 move-generators out of 400000000 total arcs (approx. 0.14923%)

Computing a greedy upper bound on the n. of routes.
Done in 4 milliseconds.
Around 800 routes should do the job.

Running ROUTEMIN heuristic for at most 1000 iterations.
Starting solution: obj = 2.2232e+07, n. of routes = 810.

[1m   %    Objective   Routes    Iter/s   Eta (s)    % Inf  [0m
                                                        
  92     21969079      802    914.85     0.08     0.36 
Final solution: obj = 21966470, n. routes = 802
Done in 2 seconds.

Shaking LB = 381.3093668
Shaking UB = 864.3012313
Simulated annealing temperature goes from 1782.702755 to 17.82702755.

Running COREOPT for 95 seconds.

[1m     %   Iterations    Objective   Routes       Iter/s      Eta (s)   RR (micro)   LS (micro)   Gamma    Omega     Temp  [0m
                                                                                                                         
  2.11         2232     21893350      802      1110.00        93.00        93.06       792.07    0.25    10.44   1617.98 
  4.21         4631     21893063      803      1154.00        91.00        95.60       759.25    0.25    10.98   1468.48 
  6.32         6749     21887201      803      1122.00        89.00        99.95       779.68    0.25    11.44   1332.67 
  8.42         8936     21878663      803      1115.00        87.00       102.35       783.28    0.25    11.94   1209.47 
 10.53        11058     21875081      803      1104.00        85.00       103.10       791.49    0.25    12.36   1097.71 
 12.64        13198     21875081      803      1098.00        83.00       104.13       795.81    0.25    12.78   996.24 
 14.74        15011     21863565      802      1071.00        81.00       106.46       815.90    0.25    13.12   904.19 
 16.85        16825     21853578      802      1050.00        79.00       108.28       832.60    0.25    13.46   820.36 
 18.96        18440     21853578      802      1023.00        77.00       110.96       855.15    0.25    13.80   744.52 
 21.07        20283     21852504      802      1013.00        75.00       111.78       863.64    0.25    14.11   675.70 
 23.18        22029     21851658      802      1000.00        73.00       112.89       875.05    0.25    14.43   613.12 
 25.28        25415     21849590      802      1058.00        71.00       114.15   725821132155435.50    0.25    15.08   556.41 
 27.39        27067     21846571      803      1040.00        69.00       115.02   681521560340346.38    0.25    15.29   504.92 
 29.50        28602     21844331      801      1021.00        67.00       116.68   644945950413746.75    0.25    15.60   458.20 
 31.61        30153     21838967      801      1004.00        65.00       117.87   611771434807007.88    0.25    15.86   415.87 

[1m     %   Iterations    Objective   Routes       Iter/s      Eta (s)   RR (micro)   LS (micro)   Gamma    Omega     Temp  [0m
                                                                                                                         
 33.71        31582     21821255      802       986.00        63.00       119.60   584090433593105.25    0.25    16.10   377.44 
 35.82        33117     21819242      801       973.00        61.00       120.87   557017364910446.75    0.25    16.40   342.55 
 37.93        34482     21819242      801       957.00        59.00       122.17   534967347420133.12    0.25    16.65   310.87 
 40.04        35794     21819242      801       941.00        57.00       123.62   515358553772778.50    0.26    16.89   282.07 
 42.14        37032     21818348      801       925.00        55.00       125.26   498129835648752.00    0.26    17.16   256.00 
 44.25        38266     21816559      801       910.00        53.00       126.58   482066170327349.62    0.26    17.37   232.34 
 46.35        39600     21812723      801       899.00        51.00       127.81   465826870549194.12    0.26    17.61   210.87 
 48.46        40867     21809190      801       888.00        49.00       129.10   451384835533557.12    0.26    17.82   191.35 
 50.58        42132     21809190      801       877.00        47.00       130.29   437832148337407.12    0.27    18.02   173.61 
 52.68        43449     21806775      800       868.00        45.00       131.22   424560843143764.31    0.27    18.28   157.54 
 54.79        44646     21803602      801       858.00        43.00       132.34   413177979522357.56    0.27    18.46   142.98 
 56.90        45815     21802733      800       848.00        41.00       133.69   402635470342832.94    0.27    18.72   129.77 
 59.00        47575     21801178      800       849.00        39.00       135.21   775480570624656.62    0.27    19.11   117.78 
 61.11        48791     21797902      800       841.00        37.00       136.33   756153555931828.25    0.27    19.37   106.89 
 63.21        50016     21795324      800       833.00        35.00       137.37   737633720158981.00    0.27    19.58    97.01 

[1m     %   Iterations    Objective   Routes       Iter/s      Eta (s)   RR (micro)   LS (micro)   Gamma    Omega     Temp  [0m
                                                                                                                         
 65.32        51198     21794053      800       825.00        33.00       138.66   720604088977562.88    0.27    19.88    88.02 
 67.43        52372     21791307      800       818.00        31.00       139.98   704450625285933.50    0.27    20.07    79.89 
 69.53        53672     21790126      800       813.00        29.00       140.87   687387989034815.75    0.27    20.38    72.51 
 71.64        54749     21790098      800       805.00        27.00       142.37   673865972848421.88    0.27    20.65    65.80 
 73.75        55969     21786659      800       799.00        25.00       143.48   659177190006611.38    0.26    20.87    59.72 
 75.86        57149     21784532      800       793.00        23.00       144.77   645566644166680.88    0.26    21.08    54.20 
 77.96        58273     21783327      800       787.00        21.00       146.09   633114618219130.75    0.26    21.37    49.19 
 80.07        59471     21782334      800       782.00        19.00       147.44   620360985143768.62    0.26    21.64    44.64 
 82.17        60637     21780985      800       777.00        17.00       148.77   608431949923096.12    0.26    21.87    40.51 
 84.28        61753     21779698      800       771.00        15.00       149.99   597436369852291.00    0.26    22.14    36.77 
 86.39        62949     21777362      800       767.00        13.00       151.37   586085373039925.62    0.26    22.43    33.37 
 88.49        64048     21775841      800       762.00        11.00       152.80   576028730756496.12    0.26    22.67    30.28 
 90.60        66709     21773985      800       775.00         9.00       155.60   829576702112203.12    0.26    23.24    27.48 
 92.71        67950     21772504      800       772.00         7.00       156.65   814425786919861.62    0.26    23.53    24.94 
 94.81        69224     21770940      800       769.00         5.00       157.46   799437077042734.75    0.26    23.83    22.64 

[1m     %   Iterations    Objective   Routes       Iter/s      Eta (s)   RR (micro)   LS (micro)   Gamma    Omega     Temp  [0m
                                                                                                                         
 96.92        70514     21753653      800       766.00         3.00       158.39   784811983736675.12    0.26    24.09    20.54 
 99.03        71846     21751871      800       764.00         1.00       159.30   770261840898722.50    0.26    24.33    18.64 

Best solution found:
obj = 21751811, n. routes = 800

Run completed in 102 seconds 
Results stored in
 - results/bench/filo2_multistart_vda/s6_/Valle-D-Aosta.vrp_seed-6.out
 - results/bench/filo2_multistart_vda/s6_/Valle-D-Aosta.vrp_seed-6.vrp.sol
