Pre-processing the instance.
Done in 5 seconds.

Running CLARKE&WRIGHT to generate an initial solution.
Done in 0 seconds.
Initial solution: obj = 2.22316e+07, n. of routes = 810.

Setting up MOVEGENERATORS data structures.
Done in 0 seconds.
Using at most 596914 move-generators out of 400000000 total arcs (approx. 0.14923%)

Computing a greedy upper bound on the n. of routes.
Done in 7 milliseconds.
Around 800 routes should do the job.

Running ROUTEMIN heuristic for at most 1000 iterations.
Starting solution: obj = 2.2232e+07, n. of routes = 810.
Final solution: obj = 2.1903e+07, n. routes = 802
Done in 1 seconds.

Shaking LB = 380.21
Shaking UB = 861.81
Simulated annealing temperature goes from 1786.9 to 17.869.

Running COREOPT for 95 seconds.

[1m     %   Iterations    Objective   Routes       Iter/s      Eta (s)   RR (micro)   LS (micro)   Gamma    Omega     Temp  [0m
                                                                                                                         
  2.11         2885     21839912      802      1435.00        93.00        91.49       592.87    0.25    10.59   1621.68 
  4.21         5455     21828179      802      1360.00        91.00        97.06       626.88    0.25    11.23   1471.84 
  6.32         7729     21821472      802      1286.00        89.00        98.42       668.58    0.25    11.73   1335.78 
  8.43         9886     21818145      803      1234.00        87.00       102.41       697.62    0.25    12.18   1212.23 
 10.53        11787     21818145      803      1177.00        85.00       105.90       733.49    0.25    12.62   1100.22 
 12.64        13629     21818145      803      1134.00        83.00       108.75       762.29    0.25    13.00   998.56 
 14.74        15468     21818145      803      1104.00        81.00       111.42       783.52    0.25    13.38   906.30 
 16.85        17233     21818145      803      1076.00        79.00       114.41       803.57    0.25    13.73   822.52 
 18.95        18914     21818145      803      1050.00        77.00       116.25       824.71    0.25    14.07   746.48 
 21.06        20711     21818145      803      1035.00        75.00       117.33       836.80    0.25    14.44   677.41 
 23.17        22352     21816385      801      1015.00        73.00       118.78       852.19    0.25    14.72   614.78 
 25.27        25784     21809602      802      1073.00        71.00       120.11   715433760228441.38    0.25    15.41   557.98 
 27.38        27395     21809602      802      1053.00        69.00       120.99   673361711032373.38    0.25    15.73   506.35 
 29.49        28902     21809602      802      1031.00        67.00       122.55   638251473037630.00    0.25    15.97   459.47 
 31.60        30283     21809602      802      1009.00        65.00       124.45   609145199410074.75    0.25    16.21   417.00 

[1m     %   Iterations    Objective   Routes       Iter/s      Eta (s)   RR (micro)   LS (micro)   Gamma    Omega     Temp  [0m
                                                                                                                         
 33.70        31681     21807275      802       989.00        63.00       125.84   582265208602538.88    0.25    16.48   378.45 
 35.81        33127     21807275      802       974.00        61.00       126.96   556849218877012.75    0.26    16.78   343.46 
 37.92        34490     21805790      801       957.00        59.00       128.11   534843261053655.31    0.26    17.01   311.73 
 40.02        35679     21803660      801       938.00        57.00       129.76   517019649478470.06    0.26    17.26   282.91 
 42.13        36807     21800685      801       919.00        55.00       131.57   501174887215586.12    0.26    17.43   256.77 
 44.23        37933     21799618      800       902.00        53.00       133.11   486298053772331.00    0.27    17.68   233.04 
 46.34        39157     21797179      801       889.00        51.00       134.17   471096970496913.00    0.27    17.95   211.50 
 48.45        40278     21797179      801       875.00        49.00       135.23   457985601910458.75    0.28    18.16   191.94 
 50.55        41443     21794228      801       863.00        47.00       136.04   445111214770920.88    0.28    18.40   174.20 
 52.66        42589     21791819      801       851.00        45.00       136.95   433134003469277.88    0.28    18.64   158.09 
 54.77        43636     21775370      800       838.00        43.00       138.01   422741407868615.00    0.28    18.88   143.46 
 56.88        44732     21773445      800       828.00        41.00       138.95   412383619640451.12    0.28    19.13   130.18 
 58.98        46320     21771333      801       826.00        39.00       140.55   796491540316662.75    0.28    19.45   118.15 
 61.09        47517     21769794      801       819.00        37.00       141.35   776427134445979.75    0.28    19.66   107.23 
 63.19        48616     21766926      801       810.00        35.00       142.58   758875434989950.00    0.28    19.90    97.32 

[1m     %   Iterations    Objective   Routes       Iter/s      Eta (s)   RR (micro)   LS (micro)   Gamma    Omega     Temp  [0m
                                                                                                                         
 65.30        49774     21764695      800       802.00        33.00       143.41   741220077700669.62    0.28    20.14    88.33 
 67.41        50929     21764462      800       795.00        31.00       144.45   724410221042526.25    0.28    20.45    80.16 
 69.51        52005     21762366      800       787.00        29.00       145.76   709421943033874.50    0.28    20.70    72.75 
 71.62        53145     21761206      800       781.00        27.00       146.68   694204311741056.88    0.28    20.91    66.03 
 73.73        54211     21760112      800       774.00        25.00       147.76   680553543514789.88    0.28    21.09    59.91 
 75.84        55265     21759901      800       767.00        23.00       149.06   667574199719207.62    0.28    21.35    54.37 
 77.94        56319     21759182      800       760.00        21.00       150.27   655080668113491.38    0.28    21.60    49.34 
 80.05        57384     21757510      800       754.00        19.00       151.57   642922907909618.00    0.28    21.85    44.78 
 82.16        58461     21755191      800       749.00        17.00       152.96   631078636141827.62    0.28    22.11    40.63 
 84.27        59561     21752809      800       744.00        15.00       153.97   619423585021894.00    0.28    22.35    36.88 
 86.37        60616     21752132      800       739.00        13.00       155.21   608642737024726.62    0.28    22.59    33.47 
 88.48        61705     21750545      800       734.00        11.00       156.27   597901112511021.12    0.28    22.83    30.37 
 90.59        64183     21748599      800       746.00         9.00   287408567279766.62   574817134560495.38    0.27    23.46    27.56 
 92.70        65315     21747383      800       742.00         7.00   282427376157353.62   564854752315670.75    0.27    23.70    25.01 
 94.81        66515     21745922      800       738.00         5.00   277332091614189.66   554664183229343.75    0.27    23.97    22.70 

[1m     %   Iterations    Objective   Routes       Iter/s      Eta (s)   RR (micro)   LS (micro)   Gamma    Omega     Temp  [0m
                                                                                                                         
 96.91        67750     21744829      800       736.00         3.00   272276665294732.00   544553330590427.94    0.27    24.28    20.60 
 99.02        68984     21744023      800       733.00         1.00   267406124227623.72   534812248456210.31    0.27    24.56    18.69 

Best solution found:
obj = 21743902, n. routes = 800

Run completed in 102 seconds 
Results stored in
 - results/bench/filo2_multistart_vda/s2_/Valle-D-Aosta.vrp_seed-2.out
 - results/bench/filo2_multistart_vda/s2_/Valle-D-Aosta.vrp_seed-2.vrp.sol
