Pre-processing the instance.
Done in 5 seconds.

Running CLARKE&WRIGHT to generate an initial solution.
Done in 0 seconds.
Initial solution: obj = 2.22316e+07, n. of routes = 810.

Setting up MOVEGENERATORS data structures.
Done in 0 seconds.
Using at most 596914 move-generators out of 400000000 total arcs (approx. 0.14923%)

Computing a greedy upper bound on the n. of routes.
Done in 7 milliseconds.
Around 800 routes should do the job.

Running ROUTEMIN heuristic for at most 1000 iterations.
Starting solution: obj = 2.2232e+07, n. of routes = 810.

[1m   %    Objective   Routes    Iter/s   Eta (s)    % Inf  [0m
                                                        
  92     21976835      802    918.81     0.08     0.35 
Final solution: obj = 21974616, n. routes = 802
Done in 2 seconds.

Shaking LB = 381.4507707
Shaking UB = 864.621747
Simulated annealing temperature goes from 1787.325185 to 17.87325185.

Running COREOPT for 95 seconds.

[1m     %   Iterations    Objective   Routes       Iter/s      Eta (s)   RR (micro)   LS (micro)   Gamma    Omega     Temp  [0m
                                                                                                                         
  2.11         2079     21913726      804      1034.00        93.00        94.10       857.53    0.25    10.39   1622.18 
  4.21         4720     21903109      804      1177.00        91.00        89.95       747.96    0.25    11.02   1472.29 
  6.32         7022     21888291      802      1168.00        89.00        93.55       751.12    0.25    11.55   1336.12 
  8.42         8923     21886101      803      1113.00        87.00        97.09       789.56    0.25    11.86   1212.61 
 10.53        10746     21885237      802      1073.00        85.00       100.10       820.35    0.25    12.17   1100.51 
 12.64        12616     21882498      803      1050.00        83.00       103.37       837.24    0.25    12.53   998.82 
 14.75        14522     21880902      803      1036.00        81.00       105.42       848.18    0.25    12.95   906.31 
 16.85        16094     21865742      802      1005.00        79.00       108.24       875.15    0.25    13.27   822.57 
 18.96        17587     21857201      802       976.00        77.00       110.71       901.56    0.25    13.55   746.56 
 21.06        19309     21840023      802       964.00        75.00       112.27       912.11    0.25    13.83   677.58 
 23.17        21108     21836605      801       959.00        73.00       112.58       918.28    0.25    14.17   614.94 
 25.27        24581     21833562      801      1023.00        71.00       113.28   750447259010230.75    0.25    14.77   558.12 
 27.38        26284     21830134      801      1010.00        69.00       114.25   701824078288395.88    0.25    15.08   506.53 
 29.49        28035     21829748      802      1000.00        67.00       115.37   657989801096270.75    0.25    15.36   459.70 
 31.59        29567     21825653      801       985.00        65.00       117.08   623896373447958.38    0.25    15.66   417.23 

[1m     %   Iterations    Objective   Routes       Iter/s      Eta (s)   RR (micro)   LS (micro)   Gamma    Omega     Temp  [0m
                                                                                                                         
 33.70        31044     21822984      802       969.00        63.00       118.54   594212861542894.38    0.25    15.92   378.68 
 35.80        32646     21805624      801       959.00        61.00       119.59   565053730127410.12    0.25    16.21   343.67 
 37.91        34029     21804597      801       944.00        59.00       121.12   542088926319939.38    0.25    16.45   311.90 
 40.02        35281     21804597      801       928.00        57.00       123.18   522852075444091.56    0.25    16.69   283.05 
 42.12        36481     21803992      802       911.00        55.00       125.26   505653465468182.12    0.25    16.94   256.89 
 44.23        37881     21800235      801       901.00        53.00       126.44   486965604755589.69    0.25    17.24   233.15 
 46.33        39249     21799850      801       891.00        51.00       127.53   469992715069128.06    0.26    17.50   211.61 
 48.44        40539     21797523      801       881.00        49.00       128.63   455036978557685.06    0.26    17.74   192.05 
 50.55        41704     21795558      800       868.00        47.00       130.00   442325534091496.31    0.26    17.93   174.28 
 52.65        42987     21794552      800       859.00        45.00       130.86   429123783324111.56    0.26    18.17   158.17 
 54.76        44279     21792612      800       851.00        43.00       131.78   416602544631887.88    0.26    18.40   143.54 
 56.87        45423     21790695      801       841.00        41.00       133.17   406110210108472.69    0.26    18.66   130.26 
 58.98        47341     21785610      801       845.00        39.00       134.72   779313663578471.75    0.26    19.08   118.21 
 61.08        48720     21784982      801       839.00        37.00       135.18   757255503847910.88    0.27    19.33   107.29 
 63.19        49886     21784025      800       831.00        35.00       136.16   739555950516618.25    0.27    19.61    97.36 

[1m     %   Iterations    Objective   Routes       Iter/s      Eta (s)   RR (micro)   LS (micro)   Gamma    Omega     Temp  [0m
                                                                                                                         
 65.30        51162     21783016      800       825.00        33.00       137.05   721111140054606.00    0.27    19.88    88.36 
 67.40        52389     21779691      800       818.00        31.00       138.19   704222034157464.50    0.27    20.12    80.19 
 69.51        53446     21779133      800       809.00        29.00       139.58   690294655305862.62    0.27    20.36    72.77 
 71.62        54551     21777311      800       802.00        27.00       141.13   676311857664917.25    0.27    20.62    66.04 
 73.73        55610     21776305      800       794.00        25.00       142.34   663432622684422.12    0.27    20.83    59.94 
 75.83        56677     21773537      800       787.00        23.00       143.84   650942854199806.00    0.27    21.05    54.40 
 77.94        57735     21773237      800       780.00        21.00       145.16   639014257339294.25    0.27    21.28    49.36 
 80.05        58754     21772202      800       772.00        19.00       146.33   627931513556284.88    0.27    21.49    44.79 
 82.16        59882     21770297      800       767.00        17.00       147.47   616103138630767.88    0.27    21.75    40.65 
 84.26        61032     21768673      800       762.00        15.00       148.31   604494169410954.50    0.27    22.00    36.89 
 86.37        62114     21766580      800       757.00        13.00       149.60   593964132844304.38    0.27    22.21    33.48 
 88.47        63164     21765952      800       751.00        11.00       151.09   584090433593389.88    0.27    22.56    30.39 
 90.58        65611     21761642      800       762.00         9.00   281153222382179.62   562306444765312.88    0.27    22.99    27.58 
 92.69        66811     21761042      800       759.00         7.00   276103397250713.75   552206794502382.50    0.27    23.22    25.03 
 94.80        67995     21759135      800       755.00         5.00   271295596348520.72   542591192697998.06    0.27    23.51    22.71 

[1m     %   Iterations    Objective   Routes       Iter/s      Eta (s)   RR (micro)   LS (micro)   Gamma    Omega     Temp  [0m
                                                                                                                         
 96.90        69286     21757967      800       753.00         3.00   266240569144098.34   532481138289150.69    0.27    23.87    20.61 
 99.01        70579     21757126      800       750.00         1.00   261363069379252.00   522726138759457.94    0.27    24.14    18.71 

Best solution found:
obj = 21757056, n. routes = 800

Run completed in 102 seconds 
Results stored in
 - results/bench/filo2_multistart_vda/s3_/Valle-D-Aosta.vrp_seed-3.out
 - results/bench/filo2_multistart_vda/s3_/Valle-D-Aosta.vrp_seed-3.vrp.sol
