Pre-processing the instance.
Done in 5 seconds.

Running CLARKE&WRIGHT to generate an initial solution.
Done in 0 seconds.
Initial solution: obj = 2.22316e+07, n. of routes = 810.

Setting up MOVEGENERATORS data structures.
Done in 0 seconds.
Using at most 596914 move-generators out of 400000000 total arcs (approx. 0.14923%)

Computing a greedy upper bound on the n. of routes.
Done in 3 milliseconds.
Around 800 routes should do the job.

Running ROUTEMIN heuristic for at most 1000 iterations.
Starting solution: obj = 2.2232e+07, n. of routes = 810.
Final solution: obj = 2.1915e+07, n. routes = 802
Done in 1 seconds.

Shaking LB = 380.41
Shaking UB = 862.27
Simulated annealing temperature goes from 1785.9 to 17.859.

Running COREOPT for 95 seconds.

[1m     %   Iterations    Objective   Routes       Iter/s      Eta (s)   RR (micro)   LS (micro)   Gamma    Omega     Temp  [0m
                                                                                                                         
  2.11         2606     21858451      803      1296.00        93.00        98.50       658.78    0.25    10.52   1620.82 
  4.21         5101     21851009      803      1272.00        91.00       101.96       672.92    0.25    11.13   1471.06 
  6.32         7406     21835820      803      1232.00        89.00       103.64       697.00    0.25    11.66   1335.13 
  8.42         9598     21830748      803      1198.00        87.00       104.15       719.59    0.25    12.12   1211.71 
 10.53        11819     21824985      802      1180.00        85.00       103.91       732.27    0.25    12.60   1099.75 
 12.63        13639     21821893      802      1135.00        83.00       106.49       763.07    0.25    12.91   998.08 
 14.74        15457     21821893      802      1103.00        81.00       108.44       787.20    0.25    13.27   905.86 
 16.85        17121     21821893      802      1069.00        79.00       111.25       812.78    0.25    13.59   822.16 
 18.95        18674     21821893      802      1036.00        77.00       113.88       838.86    0.25    13.89   746.19 
 21.06        20265     21821893      802      1012.00        75.00       115.95       859.73    0.25    14.16   677.15 
 23.16        22012     21816813      803      1000.00        73.00       116.91       870.11    0.25    14.46   614.58 
 25.27        25413     21808070      803      1058.00        71.00       118.61   725878254189992.38    0.25    15.05   557.77 
 27.38        27206     21803501      801      1045.00        69.00       119.48   678039552809379.50    0.25    15.41   506.20 
 29.48        28824     21803501      801      1029.00        67.00       120.77   639978631478409.25    0.25    15.73   459.41 
 31.59        30391     21803501      801      1012.00        65.00       122.02   606980490070596.50    0.25    16.00   416.94 

[1m     %   Iterations    Objective   Routes       Iter/s      Eta (s)   RR (micro)   LS (micro)   Gamma    Omega     Temp  [0m
                                                                                                                         
 33.69        31806     21802563      802       993.00        63.00       123.53   579976862030348.00    0.25    16.27   378.41 
 35.80        33323     21799740      801       979.00        61.00       125.01   553573930130510.56    0.25    16.57   343.43 
 37.91        34800     21797417      802       966.00        59.00       126.11   530078852693699.69    0.25    16.81   311.70 
 40.01        36193     21796298      801       952.00        57.00       127.49   509677121922539.50    0.26    17.05   282.87 
 42.12        37339     21795384      801       933.00        55.00       129.15   494034228922688.06    0.26    17.25   256.72 
 44.23        38555     21793383      800       917.00        53.00       130.54   478452705842199.38    0.26    17.48   233.00 
 46.33        39754     21791651      801       903.00        51.00       131.57   464022339229959.25    0.26    17.67   211.46 
 48.44        40938     21791062      801       889.00        49.00       133.13   450601985288718.50    0.27    17.89   191.92 
 50.54        42291     21788402      801       880.00        47.00       133.96   436186046055930.44    0.27    18.19   174.19 
 52.65        43457     21787055      801       868.00        45.00       135.42   424482685729644.50    0.27    18.53   158.08 
 54.76        44711     21785189      801       859.00        43.00       136.37   412577309247275.69    0.27    18.80   143.47 
 56.86        45806     21784373      800       848.00        41.00       137.61   402714580486326.69    0.27    19.05   130.20 
 58.97        47459     21782163      800       847.00        39.00       139.19   777376011872730.62    0.28    19.42   118.16 
 61.08        48530     21782118      800       836.00        37.00       140.32   760220237944977.50    0.28    19.70   107.23 
 63.19        49657     21782118      800       827.00        35.00       140.91   742966513230188.62    0.28    19.95    97.31 

[1m     %   Iterations    Objective   Routes       Iter/s      Eta (s)   RR (micro)   LS (micro)   Gamma    Omega     Temp  [0m
                                                                                                                         
 65.29        50688     21778809      800       817.00        33.00       141.94   727854485232663.50    0.28    20.14    88.32 
 67.40        51816     21777426      800       809.00        31.00       142.95   712009575178998.88    0.28    20.46    80.15 
 69.51        52979     21776710      800       802.00        29.00       144.10   696379473894879.25    0.28    20.80    72.74 
 71.61        54017     21775125      800       794.00        27.00       145.39   682997725669301.88    0.28    21.03    66.01 
 73.72        55064     21772862      800       786.00        25.00       146.56   670011044375279.62    0.28    21.26    59.90 
 75.83        56121     21771625      800       779.00        23.00       147.87   657391852381142.25    0.28    21.56    54.36 
 77.93        57092     21770143      800       771.00        21.00       149.50   646211170522732.00    0.28    21.76    49.34 
 80.04        58182     21768563      800       765.00        19.00       150.87   634104845957264.50    0.28    22.00    44.78 
 82.15        59346     21766955      800       760.00        17.00       151.95   621667646471326.62    0.28    22.26    40.63 
 84.25        60434     21765778      800       755.00        15.00       153.11   610475694931481.12    0.28    22.49    36.88 
 86.36        61546     21764946      800       750.00        13.00       154.17   599445750292315.38    0.28    22.71    33.47 
 88.47        62553     21764346      800       744.00        11.00       155.36   589795663637116.62    0.28    22.99    30.38 
 90.57        65017     21762433      800       755.00         9.00       157.48   851165575483389.38    0.28    23.43    27.57 
 92.68        66154     21761234      800       751.00         7.00       158.60   836536448607873.38    0.27    23.73    25.02 
 94.78        67230     21760021      800       746.00         5.00       159.62   823147883700833.25    0.27    23.88    22.71 

[1m     %   Iterations    Objective   Routes       Iter/s      Eta (s)   RR (micro)   LS (micro)   Gamma    Omega     Temp  [0m
                                                                                                                         
 96.89        68370     21758659      800       743.00         3.00       160.65   809422732502684.88    0.27    24.12    20.61 
 99.00        69559     21757223      800       739.00         1.00       161.67   795586943762998.62    0.27    24.43    18.70 

Best solution found:
obj = 21757184, n. routes = 800

Run completed in 102 seconds 
Results stored in
 - results/bench/filo2_multistart_vda/s10_/Valle-D-Aosta.vrp_seed-10.out
 - results/bench/filo2_multistart_vda/s10_/Valle-D-Aosta.vrp_seed-10.vrp.sol
