Pre-processing the instance.
Done in 5 seconds.

Running CLARKE&WRIGHT to generate an initial solution.
Done in 0 seconds.
Initial solution: obj = 2.22316e+07, n. of routes = 810.

Setting up MOVEGENERATORS data structures.
Done in 0 seconds.
Using at most 596914 move-generators out of 400000000 total arcs (approx. 0.14923%)

Computing a greedy upper bound on the n. of routes.
Done in 6 milliseconds.
Around 800 routes should do the job.

Running ROUTEMIN heuristic for at most 1000 iterations.
Starting solution: obj = 2.2232e+07, n. of routes = 810.
Final solution: obj = 2.1891e+07, n. routes = 802
Done in 1 seconds.

Shaking LB = 380
Shaking UB = 861.33
Simulated annealing temperature goes from 1779.9 to 17.799.

Running COREOPT for 95 seconds.

[1m     %   Iterations    Objective   Routes       Iter/s      Eta (s)   RR (micro)   LS (micro)   Gamma    Omega     Temp  [0m
                                                                                                                         
  2.11         2605     21834326      805      1296.00        93.00       102.87       656.50    0.25    10.56   1615.37 
  4.21         4906     21834204      803      1223.00        91.00       106.15       699.84    0.25    11.10   1466.04 
  6.33         7323     21827026      804      1218.00        89.00       105.01       705.99    0.25    11.66   1330.06 
  8.43         9504     21823077      804      1186.00        87.00       105.86       727.22    0.25    12.13   1207.10 
 10.54        11652     21817010      802      1164.00        85.00       107.17       742.19    0.25    12.62   1095.46 
 12.65        13621     21810394      803      1134.00        83.00       109.34       762.59    0.25    13.05   994.15 
 14.75        15773     21805468      803      1125.00        81.00       108.85       769.47    0.25    13.49   902.24 
 16.86        17557     21805468      803      1096.00        79.00       111.27       790.90    0.25    13.82   818.84 
 18.97        19226     21801776      803      1067.00        77.00       113.90       812.77    0.25    14.16   743.07 
 21.08        20851     21798585      802      1042.00        75.00       116.12       833.34    0.25    14.47   674.34 
 23.18        22640     21796478      801      1028.00        73.00       117.09       844.83    0.25    14.83   612.01 
 25.29        26021     21781122      802      1083.00        71.00       118.42   708917569414328.88    0.25    15.45   555.43 
 27.39        27720     21775492      801      1065.00        69.00       120.00   665466957926837.88    0.25    15.74   504.08 
 29.50        29485     21774303      801      1052.00        67.00       120.75   625631476131382.00    0.25    16.12   457.51 
 31.61        30991     21773667      802      1032.00        65.00       122.44   595229068882434.50    0.25    16.43   415.21 

[1m     %   Iterations    Objective   Routes       Iter/s      Eta (s)   RR (micro)   LS (micro)   Gamma    Omega     Temp  [0m
                                                                                                                         
 33.71        32468     21773667      802      1014.00        63.00       123.85   568151536088987.25    0.25    16.70   376.85 
 35.82        34040     21771876      803      1000.00        61.00       124.57   541913750697386.00    0.25    16.94   342.01 
 37.92        35481     21771873      803       985.00        59.00       125.58   519904852561674.25    0.25    17.26   310.41 
 40.03        36732     21769833      801       966.00        57.00       127.05   502198194319464.62    0.26    17.54   281.71 
 42.14        37913     21769086      801       947.00        55.00       128.83   486554587443470.88    0.26    17.74   255.67 
 44.24        39136     21767796      801       931.00        53.00       130.59   471349756585907.25    0.26    18.00   232.04 
 46.35        40306     21767346      801       915.00        51.00       131.78   457667445882694.62    0.26    18.16   210.60 
 48.45        41540     21765169      801       902.00        49.00       133.10   444071836151893.44    0.27    18.41   191.12 
 50.56        42782     21763647      801       891.00        47.00       134.30   431180030708040.81    0.27    18.71   173.46 
 52.67        43926     21761876      801       878.00        45.00       135.47   419950463819904.94    0.27    18.90   157.42 
 54.77        45004     21760785      801       865.00        43.00       136.77   409891211309104.31    0.28    19.12   142.88 
 56.88        46106     21759010      801       853.00        41.00       137.86   400094219272041.06    0.28    19.36   129.65 
 58.99        47665     21757735      801       851.00        39.00       139.72   774016325342871.88    0.28    19.74   117.67 
 61.09        48747     21754627      800       840.00        37.00       140.95   756836074988609.00    0.28    19.95   106.80 
 63.20        49850     21753690      800       830.00        35.00       141.92   740090033048574.75    0.28    20.14    96.91 

[1m     %   Iterations    Objective   Routes       Iter/s      Eta (s)   RR (micro)   LS (micro)   Gamma    Omega     Temp  [0m
                                                                                                                         
 65.31        50938     21752012      801       821.00        33.00       143.02   724282228345697.75    0.28    20.37    87.95 
 67.41        52031     21750998      801       812.00        31.00       144.14   709067443398644.38    0.28    20.62    79.82 
 69.52        53178     21748554      801       805.00        29.00       145.22   693773518136758.50    0.28    20.85    72.44 
 71.63        54166     21748284      800       796.00        27.00       146.47   681118933417240.62    0.28    21.08    65.74 
 73.74        55250     21746652      800       789.00        25.00       147.46   667755441583346.50    0.28    21.35    59.66 
 75.84        56186     21745192      800       780.00        23.00       148.96   656631334273336.00    0.28    21.59    54.14 
 77.95        57262     21743369      800       773.00        21.00       150.15   644292692317477.62    0.28    21.77    49.14 
 80.06        58294     21740764      800       766.00        19.00       151.61   632886543168854.38    0.28    22.03    44.58 
 82.17        59444     21739739      800       762.00        17.00       152.79   620642758688630.50    0.28    22.32    40.46 
 84.27        60620     21738842      800       757.00        15.00       153.69   608602575841119.00    0.28    22.68    36.72 
 86.38        61696     21738385      800       752.00        13.00       154.89   597988332266114.75    0.28    22.95    33.33 
 88.49        62639     21737693      800       745.00        11.00       156.43   588985905705580.38    0.28    23.22    30.24 
 90.59        65063     21733443      800       756.00         9.00       159.36   850563795416792.50    0.27    23.71    27.45 
 92.70        66276     21732858      800       753.00         7.00       160.26   834996563178293.62    0.27    23.90    24.91 
 94.81        67480     21731834      800       749.00         5.00       161.29   820098284250239.75    0.27    24.11    22.61 

[1m     %   Iterations    Objective   Routes       Iter/s      Eta (s)   RR (micro)   LS (micro)   Gamma    Omega     Temp  [0m
                                                                                                                         
 96.91        68742     21730802      800       747.00         3.00       162.15   805042509982364.50    0.27    24.37    20.52 
 99.02        70015     21730008      800       744.00         1.00       163.06   790405373437254.25    0.27    24.65    18.62 

Best solution found:
obj = 21729621, n. routes = 800

Run completed in 102 seconds 
Results stored in
 - results/bench/filo2_multistart_vda/s11_/Valle-D-Aosta.vrp_seed-11.out
 - results/bench/filo2_multistart_vda/s11_/Valle-D-Aosta.vrp_seed-11.vrp.sol
