Pre-processing the instance.
Done in 5 seconds.

Running CLARKE&WRIGHT to generate an initial solution.
Done in 0 seconds.
Initial solution: obj = 2.22316e+07, n. of routes = 810.

Setting up MOVEGENERATORS data structures.
Done in 0 seconds.
Using at most 596914 move-generators out of 400000000 total arcs (approx. 0.14923%)

Computing a greedy upper bound on the n. of routes.
Done in 3 milliseconds.
Around 800 routes should do the job.

Running ROUTEMIN heuristic for at most 1000 iterations.
Starting solution: obj = 2.2232e+07, n. of routes = 810.
Final solution: obj = 2.19e+07, n. routes = 802
Done in 1 seconds.

Shaking LB = 380.15
Shaking UB = 861.67
Simulated annealing temperature goes from 1778.3 to 17.783.

Running COREOPT for 95 seconds.

[1m     %   Iterations    Objective   Routes       Iter/s      Eta (s)   RR (micro)   LS (micro)   Gamma    Omega     Temp  [0m
                                                                                                                         
  2.11         2477     21833780      804      1232.00        93.00        96.50       700.16    0.25    10.46   1614.00 
  4.21         5116     21831739      802      1275.00        91.00        93.81       679.95    0.25    11.08   1464.66 
  6.32         7475     21826966      804      1243.00        89.00        97.74       696.08    0.25    11.60   1329.26 
  8.43         9720     21823112      805      1213.00        87.00        99.70       713.96    0.25    12.06   1206.44 
 10.53        11850     21822313      804      1183.00        85.00       102.93       731.65    0.25    12.53   1094.86 
 12.64        13874     21822313      804      1155.00        83.00       104.98       750.75    0.25    12.92   993.60 
 14.75        15529     21820710      803      1108.00        81.00       108.90       782.20    0.25    13.26   901.75 
 16.85        17311     21810107      803      1081.00        79.00       112.05       801.44    0.25    13.58   818.42 
 18.96        19158     21809342      802      1063.00        77.00       113.76       814.95    0.25    13.90   742.73 
 21.07        20935     21808040      801      1046.00        75.00       115.39       828.99    0.25    14.28   674.07 
 23.17        22837     21807103      801      1037.00        73.00       116.15       836.33    0.25    14.69   611.79 
 25.28        26222     21806115      802      1092.00        71.00       117.85   703483489959963.12    0.25    15.26   555.23 
 27.38        28082     21804407      802      1079.00        69.00       118.54   656888543327821.12    0.25    15.61   503.93 
 29.49        29906     21801910      802      1067.00        67.00       119.53   616824184903819.38    0.25    15.97   457.36 
 31.59        31410     21801257      802      1046.00        65.00       120.99   587288891236400.88    0.25    16.22   415.08 

[1m     %   Iterations    Objective   Routes       Iter/s      Eta (s)   RR (micro)   LS (micro)   Gamma    Omega     Temp  [0m
                                                                                                                         
 33.70        32830     21798564      801      1025.00        63.00       122.92   561886813089768.25    0.25    16.50   376.68 
 35.81        34373     21796528      801      1010.00        61.00       123.90   536663778946813.81    0.25    16.77   341.87 
 37.91        35856     21795969      802       995.00        59.00       124.82   514467427313156.88    0.25    17.07   310.27 
 40.02        37257     21795969      802       980.00        57.00       126.08   495121563028217.88    0.26    17.40   281.59 
 42.13        38500     21794230      801       962.00        55.00       127.69   479136209707638.62    0.26    17.57   255.55 
 44.23        39659     21793819      801       944.00        53.00       129.22   465133868068934.62    0.26    17.80   231.93 
 46.34        40889     21791288      801       929.00        51.00       130.06   451141971526515.75    0.26    17.97   210.49 
 48.44        42051     21787565      801       913.00        49.00       131.31   438675514821276.12    0.26    18.15   191.04 
 50.55        43166     21786747      801       899.00        47.00       132.68   427344300462197.81    0.27    18.36   173.38 
 52.66        44345     21785918      802       886.00        45.00       133.77   415982502508806.94    0.27    18.66   157.34 
 54.76        45551     21784060      801       875.00        43.00       134.70   404969025350811.06    0.27    18.95   142.81 
 56.87        46671     21781031      801       864.00        41.00       135.95   395250671161032.69    0.27    19.21   129.61 
 58.98        48281     21779394      802       862.00        39.00       138.01   764140928055917.12    0.27    19.57   117.62 
 61.08        49418     21777431      801       851.00        37.00       138.99   746559718067698.00    0.27    19.81   106.75 
 63.19        50533     21776132      800       842.00        35.00       140.26   730087035154677.75    0.27    20.05    96.87 

[1m     %   Iterations    Objective   Routes       Iter/s      Eta (s)   RR (micro)   LS (micro)   Gamma    Omega     Temp  [0m
                                                                                                                         
 65.30        51591     21774434      800       831.00        33.00       141.41   715114809704657.00    0.27    20.27    87.92 
 67.40        52649     21773081      800       822.00        31.00       142.68   700744328429308.75    0.28    20.48    79.79 
 69.51        53704     21772577      800       813.00        29.00       143.69   686978402865268.75    0.28    20.72    72.41 
 71.62        54809     21770010      800       805.00        27.00       144.92   673128284542285.12    0.28    20.98    65.72 
 73.72        55823     21768157      800       797.00        25.00       146.15   660901208238180.25    0.28    21.17    59.64 
 75.83        56838     21767120      800       789.00        23.00       147.52   649098985669474.75    0.28    21.45    54.13 
 77.94        57867     21765419      800       781.00        21.00       148.94   637556606485274.88    0.28    21.68    49.11 
 80.05        58805     21763116      800       773.00        19.00       150.60   627386925388744.38    0.27    21.86    44.57 
 82.15        59955     21761043      800       768.00        17.00       151.82   615352983862677.12    0.27    22.08    40.46 
 84.26        61014     21759962      800       762.00        15.00       153.06   604672503810411.12    0.27    22.29    36.72 
 86.36        62104     21759292      800       757.00        13.00       154.50   594059773082090.50    0.27    22.58    33.32 
 88.47        63146     21757024      800       751.00        11.00       155.75   584256930723906.88    0.27    22.80    30.24 
 90.58        65663     21753680      800       763.00         9.00       158.64   842791712550486.25    0.27    23.44    27.45 
 92.68        66824     21752671      800       759.00         7.00       159.83   828149051556391.62    0.27    23.75    24.91 
 94.79        67916     21751364      800       754.00         5.00       161.28   814833503463188.50    0.27    24.06    22.61 

[1m     %   Iterations    Objective   Routes       Iter/s      Eta (s)   RR (micro)   LS (micro)   Gamma    Omega     Temp  [0m
                                                                                                                         
 96.89        69191     21750556      800       751.00         3.00       162.26   799818361075970.25    0.27    24.38    20.52 
 99.00        70432     21749081      800       749.00         1.00       163.25   785725696007628.12    0.26    24.64    18.62 

Best solution found:
obj = 21749080, n. routes = 800

Run completed in 102 seconds 
Results stored in
 - results/bench/filo2_multistart_vda/s8_/Valle-D-Aosta.vrp_seed-8.out
 - results/bench/filo2_multistart_vda/s8_/Valle-D-Aosta.vrp_seed-8.vrp.sol
