Pre-processing the instance.
Done in 5 seconds.

Running CLARKE&WRIGHT to generate an initial solution.
Done in 0 seconds.
Initial solution: obj = 2.22316e+07, n. of routes = 810.

Setting up MOVEGENERATORS data structures.
Done in 0 seconds.
Using at most 596914 move-generators out of 400000000 total arcs (approx. 0.14923%)

Computing a greedy upper bound on the n. of routes.
Done in 3 milliseconds.
Around 800 routes should do the job.

Running ROUTEMIN heuristic for at most 1000 iterations.
Starting solution: obj = 2.2232e+07, n. of routes = 810.
Final solution: obj = 2.1942e+07, n. routes = 801
Done in 2 seconds.

Shaking LB = 380.91
Shaking UB = 863.41
Simulated annealing temperature goes from 1783.2 to 17.832.

Running COREOPT for 95 seconds.

[1m     %   Iterations    Objective   Routes       Iter/s      Eta (s)   RR (micro)   LS (micro)   Gamma    Omega     Temp  [0m
                                                                                                                         
  2.11         2099     21867777      805      1044.00        93.00        95.25       846.04    0.25    10.36   1618.44 
  4.21         4165     21864753      804      1038.00        91.00       102.22       847.83    0.25    10.78   1468.90 
  6.32         6204     21858293      803      1032.00        89.00       104.29       851.82    0.25    11.25   1333.17 
  8.42         8300     21850339      804      1036.00        87.00       105.77       847.37    0.25    11.73   1209.81 
 10.53        10174     21850008      804      1016.00        85.00       108.23       864.48    0.25    12.14   1097.97 
 12.64        12127     21850008      804      1009.00        83.00       109.22       870.25    0.25    12.51   996.47 
 14.74        13942     21845566      803       995.00        81.00       112.46       880.22    0.25    12.88   904.35 
 16.85        15871     21840506      802       991.00        79.00       113.25       883.63    0.25    13.28   820.67 
 18.96        17538     21839943      804       973.00        77.00       115.23       899.64    0.25    13.61   744.84 
 21.07        19250     21835956      802       962.00        75.00       116.60       910.90    0.25    13.91   675.89 
 23.17        21093     21830311      802       958.00        73.00       117.66       913.76    0.25    14.33   613.41 
 25.28        24226     21827256      801      1008.00        71.00       119.20       933.16    0.25    14.92   556.73 
 27.39        25912     21826604      802       996.00        69.00       120.05       940.11    0.25    15.24   505.21 
 29.49        27561     21822774      801       983.00        67.00       121.16       947.32    0.25    15.54   458.51 
 31.60        29078     21820903      801       968.00        65.00       122.55       958.25    0.25    15.81   416.12 

[1m     %   Iterations    Objective   Routes       Iter/s      Eta (s)   RR (micro)   LS (micro)   Gamma    Omega     Temp  [0m
                                                                                                                         
 33.71        30496     21818385      801       952.00        63.00       124.34       971.15    0.25    16.07   377.64 
 35.81        32020     21813384      801       941.00        61.00       125.70       979.43    0.25    16.39   342.74 
 37.92        33534     21809297      802       931.00        59.00       126.65       987.52    0.25    16.68   311.06 
 40.02        34949     21806617      801       919.00        57.00       127.99       997.67    0.25    16.94   282.30 
 42.13        36128     21805297      801       902.00        55.00       129.84      1013.75    0.26    17.12   256.22 
 44.24        37375     21804479      801       889.00        53.00       131.50      1026.92    0.26    17.33   232.52 
 46.34        38507     21803098      801       874.00        51.00       132.81      1042.92    0.26    17.55   211.03 
 48.45        39710     21801992      801       863.00        49.00       133.74      1056.25    0.26    17.77   191.53 
 50.55        41003     21800949      801       854.00        47.00       134.75      1065.92    0.26    18.03   173.83 
 52.66        42251     21799330      801       844.00        45.00       135.67      1076.36    0.27    18.23   157.74 
 54.77        43460     21796414      801       835.00        43.00       136.74      1087.04    0.27    18.46   143.16 
 56.87        44666     21793766      801       826.00        41.00       137.93      1097.11    0.27    18.67   129.94 
 58.98        46477     21791987      801       829.00        39.00       139.55   396900490000648.81    0.27    19.03   117.92 
 61.09        47557     21791824      801       819.00        37.00       140.87   387887042365202.38    0.27    19.23   106.99 
 63.20        48734     21789625      801       812.00        35.00       141.83   378518982102099.50    0.27    19.50    97.10 

[1m     %   Iterations    Objective   Routes       Iter/s      Eta (s)   RR (micro)   LS (micro)   Gamma    Omega     Temp  [0m
                                                                                                                         
 65.31        50042     21787646      801       806.00        33.00       142.67   368625236276836.81    0.27    19.70    88.12 
 67.41        51372     21784571      800       802.00        31.00       143.39   359081680171439.31    0.27    20.01    79.97 
 69.52        52568     21782228      801       796.00        29.00       144.63   350912039144897.00    0.27    20.18    72.58 
 71.63        53780     21780060      801       790.00        27.00       145.75   343003794603397.19    0.27    20.49    65.87 
 73.73        54843     21778698      800       783.00        25.00       146.93   336355488827605.94    0.27    20.74    59.78 
 75.84        55977     21776285      800       777.00        23.00       148.23   329541491572862.81    0.27    21.03    54.25 
 77.95        57177     21774701      800       772.00        21.00       149.58   322625252702587.75    0.27    21.34    49.23 
 80.05        58259     21773106      800       766.00        19.00       150.77   316633379800161.00    0.27    21.55    44.68 
 82.16        59382     21771259      800       761.00        17.00       152.12   310645381997562.62    0.27    21.79    40.55 
 84.27        60605     21769101      800       757.00        15.00       153.28   304376603807953.00    0.27    22.07    36.80 
 86.38        61888     21767086      800       754.00        13.00       154.19   298066573063965.69    0.27    22.36    33.39 
 88.49        62984     21762572      800       749.00        11.00       155.51   292879843671161.06    0.26    22.59    30.30 
 90.59        65777     21758312      800       764.00         9.00       157.95   560887364086162.38    0.26    23.20    27.50 
 92.70        67114     21756872      800       762.00         7.00       158.80   549713742996949.75    0.26    23.48    24.96 
 94.81        68340     21756062      800       759.00         5.00       159.83   539852036106217.62    0.26    23.82    22.65 

[1m     %   Iterations    Objective   Routes       Iter/s      Eta (s)   RR (micro)   LS (micro)   Gamma    Omega     Temp  [0m
                                                                                                                         
 96.91        69564     21754974      800       756.00         3.00       160.99   530353173300856.19    0.26    24.10    20.55 
 99.02        70933     21754152      800       754.00         1.00       161.81   520117408646221.62    0.26    24.43    18.65 

Best solution found:
obj = 21753882, n. routes = 800

Run completed in 102 seconds 
Results stored in
 - results/bench/filo2_multistart_vda/s9_/Valle-D-Aosta.vrp_seed-9.out
 - results/bench/filo2_multistart_vda/s9_/Valle-D-Aosta.vrp_seed-9.vrp.sol
