Pre-processing the instance.
Done in 5 seconds.

Running CLARKE&WRIGHT to generate an initial solution.
Done in 0 seconds.
Initial solution: obj = 2.22316e+07, n. of routes = 810.

Setting up MOVEGENERATORS data structures.
Done in 0 seconds.
Using at most 596914 move-generators out of 400000000 total arcs (approx. 0.14923%)

Computing a greedy upper bound on the n. of routes.
Done in 4 milliseconds.
Around 800 routes should do the job.

Running ROUTEMIN heuristic for at most 1000 iterations.
Starting solution: obj = 2.2232e+07, n. of routes = 810.

[1m   %    Objective   Routes    Iter/s   Eta (s)    % Inf  [0m
                                                        
  93     21932408      802    921.78     0.08     0.36 
Final solution: obj = 21930921, n. routes = 802
Done in 2 seconds.

Shaking LB = 380.6922823
Shaking UB = 862.9025066
Simulated annealing temperature goes from 1774.20577 to 17.7420577.

Running COREOPT for 95 seconds.

[1m     %   Iterations    Objective   Routes       Iter/s      Eta (s)   RR (micro)   LS (micro)   Gamma    Omega     Temp  [0m
                                                                                                                         
  2.11         2115     21859849      802      1052.00        93.00        90.23       843.65    0.25    10.40   1610.27 
  4.21         4330     21851069      802      1079.00        91.00        93.02       820.52    0.25    10.88   1461.41 
  6.32         6706     21828193      804      1115.00        89.00        93.38       790.84    0.25    11.41   1326.31 
  8.42         8723     21818676      802      1089.00        87.00        96.28       810.20    0.25    11.80   1203.76 
 10.53        10715     21814488      802      1070.00        85.00        98.86       823.84    0.25    12.20   1092.48 
 12.63        12695     21810283      802      1057.00        83.00       101.65       832.95    0.25    12.61   991.54 
 14.74        14689     21804264      802      1048.00        81.00       103.11       839.02    0.25    13.06   899.92 
 16.86        16299     21803415      803      1018.00        79.00       107.00       863.98    0.25    13.40   816.37 
 18.96        17914     21800897      803       994.00        77.00       109.77       884.14    0.25    13.77   740.90 
 21.07        19854     21798870      802       992.00        75.00       110.16       886.33    0.25    14.12   672.44 
 23.17        21717     21798188      802       986.00        73.00       110.28       891.81    0.25    14.37   610.28 
 25.28        25141     21795574      801      1047.00        71.00       112.03   733731517192253.00    0.25    14.97   553.84 
 27.39        26846     21792330      801      1032.00        69.00       112.95   687131940465326.75    0.25    15.27   502.66 
 29.49        28481     21790012      802      1016.00        67.00       114.50   647685968671530.62    0.25    15.60   456.15 
 31.60        29965     21784737      801       998.00        65.00       116.09   615609680418341.62    0.25    15.85   413.98 

[1m     %   Iterations    Objective   Routes       Iter/s      Eta (s)   RR (micro)   LS (micro)   Gamma    Omega     Temp  [0m
                                                                                                                         
 33.71        31414     21779361      801       981.00        63.00       118.14   587214110706607.62    0.25    16.09   375.73 
 35.81        33023     21779361      801       970.00        61.00       119.08   558602915354120.31    0.25    16.42   340.98 
 37.92        34532     21779361      801       958.00        59.00       120.27   534192750890213.19    0.25    16.72   309.47 
 40.03        35852     21777849      802       943.00        57.00       121.74   514524826334446.19    0.25    16.95   280.85 
 42.13        37057     21774660      802       926.00        55.00       124.01   497793779144137.62    0.26    17.22   254.86 
 44.24        38212     21774660      802       909.00        53.00       125.81   482747411120749.75    0.26    17.42   231.30 
 46.35        39414     21774343      801       895.00        51.00       127.09   468025170592882.44    0.26    17.67   209.92 
 48.45        40702     21770447      801       884.00        49.00       128.21   453214684137134.81    0.26    17.93   190.52 
 50.56        41804     21768527      801       870.00        47.00       129.88   441267440286849.88    0.27    18.16   172.88 
 52.67        42812     21768527      801       856.00        45.00       131.65   430877886427946.38    0.27    18.38   156.90 
 54.78        43890     21767048      801       843.00        43.00       133.02   420294920796423.00    0.27    18.59   142.38 
 56.88        45162     21764546      801       836.00        41.00       134.10   408457200162897.19    0.27    18.92   129.22 
 58.99        46776     21761923      801       835.00        39.00       136.00   788726871632205.38    0.27    19.26   117.27 
 61.10        47880     21759951      801       825.00        37.00       137.34   770540688125937.50    0.27    19.45   106.43 
 63.20        48995     21757012      801       816.00        35.00       138.73   753005166802155.75    0.27    19.74    96.59 

[1m     %   Iterations    Objective   Routes       Iter/s      Eta (s)   RR (micro)   LS (micro)   Gamma    Omega     Temp  [0m
                                                                                                                         
 65.31        50055     21756481      801       807.00        33.00       140.06   737058998051613.25    0.27    20.00    87.66 
 67.41        51034     21755158      801       797.00        31.00       141.72   722919781860625.38    0.28    20.27    79.56 
 69.52        52034     21753864      800       788.00        29.00       143.20   709026562391453.50    0.28    20.48    72.21 
 71.63        53203     21751881      801       782.00        27.00       144.38   693447515130322.88    0.27    20.75    65.54 
 73.73        54249     21750544      800       774.00        25.00       145.68   680076833627907.75    0.28    21.02    59.48 
 75.84        55312     21749372      800       768.00        23.00       146.97   667006945102005.12    0.27    21.23    53.98 
 77.95        56415     21747627      800       762.00        21.00       148.08   653965933660974.62    0.27    21.44    48.99 
 80.06        57471     21747252      800       756.00        19.00       149.49   641949646734624.00    0.27    21.71    44.45 
 82.16        58608     21745266      800       751.00        17.00       150.67   629495771012273.62    0.27    21.91    40.34 
 84.27        59668     21743627      800       745.00        15.00       151.92   618312799951215.50    0.27    22.13    36.62 
 86.38        60814     21742107      800       741.00        13.00       153.01   606661100198816.62    0.27    22.39    33.22 
 88.48        61855     21741848      800       736.00        11.00       154.10   596451186605650.50    0.27    22.57    30.15 
 90.59        64435     21737512      800       749.00         9.00       156.59   858853607840513.12    0.27    23.10    27.37 
 92.69        65623     21735482      800       745.00         7.00       157.61   843305429821940.12    0.27    23.36    24.84 
 94.80        66839     21734230      800       742.00         5.00       158.85   827963198450110.00    0.27    23.66    22.54 

[1m     %   Iterations    Objective   Routes       Iter/s      Eta (s)   RR (micro)   LS (micro)   Gamma    Omega     Temp  [0m
                                                                                                                         
 96.91        68100     21732872      800       740.00         3.00       159.82   812631897521418.38    0.27    23.93    20.46 
 99.01        69363     21731066      800       737.00         1.00       160.97   797835044926116.75    0.27    24.25    18.57 

Best solution found:
obj = 21731050, n. routes = 800

Run completed in 102 seconds 
Results stored in
 - results/bench/filo2_multistart_vda/s5_/Valle-D-Aosta.vrp_seed-5.out
 - results/bench/filo2_multistart_vda/s5_/Valle-D-Aosta.vrp_seed-5.vrp.sol
