Pre-processing the instance.
Done in 5 seconds.

Running CLARKE&WRIGHT to generate an initial solution.
Done in 0 seconds.
Initial solution: obj = 2.22316e+07, n. of routes = 810.

Setting up MOVEGENERATORS data structures.
Done in 0 seconds.
Using at most 596914 move-generators out of 400000000 total arcs (approx. 0.14923%)

Computing a greedy upper bound on the n. of routes.
Done in 5 milliseconds.
Around 800 routes should do the job.

Running ROUTEMIN heuristic for at most 1000 iterations.
Starting solution: obj = 2.2232e+07, n. of routes = 810.
Final solution: obj = 2.1932e+07, n. routes = 801
Done in 1 seconds.

Shaking LB = 380.75
Shaking UB = 863.03
Simulated annealing temperature goes from 1777.3 to 17.773.

Running COREOPT for 95 seconds.

[1m     %   Iterations    Objective   Routes       Iter/s      Eta (s)   RR (micro)   LS (micro)   Gamma    Omega     Temp  [0m
                                                                                                                         
  2.11         2615     21868513      802      1300.00        93.00        87.29       667.30    0.25    10.50   1613.04 
  4.21         5236     21862808      803      1305.00        91.00        89.25       666.54    0.25    11.10   1464.00 
  6.32         7667     21852553      802      1275.00        89.00        91.31       682.35    0.25    11.65   1328.66 
  8.42         9836     21849440      802      1227.00        87.00        93.49       710.96    0.25    12.10   1205.89 
 10.53        11672     21836098      802      1166.00        85.00        98.33       749.04    0.25    12.47   1094.20 
 12.64        13785     21833057      803      1147.00        83.00       100.35       761.30    0.25    12.90   992.86 
 14.75        15750     21831003      803      1124.00        81.00       102.22       777.67    0.25    13.31   901.08 
 16.86        17386     21831003      803      1085.00        79.00       105.73       805.32    0.25    13.61   817.78 
 18.96        19109     21827704      803      1061.00        77.00       108.40       823.66    0.25    13.95   742.11 
 21.07        21023     21822984      802      1050.00        75.00       109.29       832.04    0.25    14.30   673.50 
 23.18        22837     21822984      802      1037.00        73.00       110.49       842.98    0.25    14.65   611.27 
 25.28        26080     21820478      802      1086.00        71.00       113.07   707313806508067.62    0.25    15.25   554.76 
 27.39        27872     21814450      802      1071.00        69.00       114.25   661837832725751.38    0.25    15.55   503.50 
 29.49        29517     21810780      803      1053.00        67.00       115.57   624953215900461.50    0.25    15.85   456.96 
 31.60        31072     21809372      802      1035.00        65.00       116.91   593677396811780.62    0.25    16.10   414.68 

[1m     %   Iterations    Objective   Routes       Iter/s      Eta (s)   RR (micro)   LS (micro)   Gamma    Omega     Temp  [0m
                                                                                                                         
 33.71        32512     21809372      802      1015.00        63.00       118.22   567382630220763.75    0.25    16.32   376.34 
 35.81        33920     21809372      802       997.00        61.00       119.79   543830898400331.94    0.25    16.56   341.57 
 37.92        35349     21808920      801       981.00        59.00       121.16   521846277794024.94    0.26    16.86   309.99 
 40.03        36657     21805302      801       964.00        57.00       122.83   503225688783663.88    0.26    17.03   281.35 
 42.13        37761     21804509      801       943.00        55.00       124.96   488513123957112.50    0.26    17.18   255.33 
 44.24        38944     21802325      801       927.00        53.00       126.88   473673584473764.50    0.26    17.39   231.74 
 46.34        40075     21800786      801       910.00        51.00       128.61   460305528976869.25    0.27    17.62   210.32 
 48.45        41293     21796083      801       897.00        49.00       130.20   446728115509887.38    0.27    17.86   190.88 
 50.56        42505     21795550      801       885.00        47.00       131.35   433989979384814.75    0.27    18.12   173.23 
 52.66        43821     21791731      801       876.00        45.00       132.32   420956711936133.94    0.27    18.41   157.22 
 54.77        44984     21791411      801       864.00        43.00       133.35   410073449976772.25    0.27    18.66   142.69 
 56.87        46207     21789735      801       855.00        41.00       134.31   399219686925291.31    0.27    18.90   129.50 
 58.98        47785     21789633      801       853.00        39.00       136.13   772072578161934.88    0.28    19.23   117.53 
 61.09        48898     21785220      801       842.00        37.00       137.47   754498919126954.25    0.27    19.49   106.66 
 63.19        49993     21783623      801       833.00        35.00       138.71   737973079180517.12    0.28    19.71    96.81 

[1m     %   Iterations    Objective   Routes       Iter/s      Eta (s)   RR (micro)   LS (micro)   Gamma    Omega     Temp  [0m
                                                                                                                         
 65.30        51107     21783371      801       824.00        33.00       139.79   721887180767279.88    0.28    19.99    87.86 
 67.41        52139     21783371      801       814.00        31.00       141.00   707598690950636.12    0.28    20.20    79.73 
 69.51        53275     21781105      800       807.00        29.00       142.05   692510335945132.62    0.28    20.47    72.36 
 71.62        54367     21780844      800       799.00        27.00       142.94   678600771561402.12    0.28    20.66    65.67 
 73.73        55337     21780379      800       790.00        25.00       144.21   666705606510663.38    0.28    20.87    59.60 
 75.83        56291     21778182      800       781.00        23.00       145.67   655406515206379.12    0.28    21.12    54.09 
 77.94        57327     21776325      800       774.00        21.00       146.78   643562163509062.50    0.28    21.35    49.09 
 80.04        58341     21773781      800       767.00        19.00       148.19   632376684449799.62    0.28    21.51    44.55 
 82.15        59506     21772283      800       762.00        17.00       149.21   619996103712020.38    0.28    21.79    40.44 
 84.25        60677     21770396      800       758.00        15.00       150.36   608030854318592.00    0.27    22.10    36.70 
 86.36        61785     21769632      800       753.00        13.00       151.47   597126942583006.88    0.27    22.36    33.31 
 88.47        62824     21768453      800       747.00        11.00       152.80   587251498591186.50    0.27    22.63    30.23 
 90.57        65383     21765660      800       760.00         9.00       155.55   846400933288526.75    0.27    23.21    27.43 
 92.68        66520     21764782      800       755.00         7.00       156.68   831933737540671.38    0.27    23.53    24.89 
 94.79        67671     21764337      800       751.00         5.00       157.83   817783573779124.50    0.27    23.84    22.59 

[1m     %   Iterations    Objective   Routes       Iter/s      Eta (s)   RR (micro)   LS (micro)   Gamma    Omega     Temp  [0m
                                                                                                                         
 96.90        68957     21762701      800       749.00         3.00       158.67   802532479968803.75    0.27    24.15    20.50 
 99.01        70210     21761449      800       746.00         1.00       159.51   788210115670282.62    0.27    24.37    18.60 

Best solution found:
obj = 21761363, n. routes = 800

Run completed in 102 seconds 
Results stored in
 - results/bench/filo2_multistart_vda/s1_/Valle-D-Aosta.vrp_seed-1.out
 - results/bench/filo2_multistart_vda/s1_/Valle-D-Aosta.vrp_seed-1.vrp.sol
