Pre-processing the instance.
Done in 5 seconds.

Running CLARKE&WRIGHT to generate an initial solution.
Done in 0 seconds.
Initial solution: obj = 2.22316e+07, n. of routes = 810.

Setting up MOVEGENERATORS data structures.
Done in 0 seconds.
Using at most 596914 move-generators out of 400000000 total arcs (approx. 0.14923%)

Computing a greedy upper bound on the n. of routes.
Done in 2 milliseconds.
Around 800 routes should do the job.

Running ROUTEMIN heuristic for at most 1000 iterations.
Starting solution: obj = 2.2232e+07, n. of routes = 810.

[1m   %    Objective   Routes    Iter/s   Eta (s)    % Inf  [0m
                                                        
  96     21967955      802    959.41     0.03     0.35 
Final solution: obj = 21966148, n. routes = 802
Done in 2 seconds.

Shaking LB = 381.3037773
Shaking UB = 864.2885618
Simulated annealing temperature goes from 1772.101355 to 17.72101355.

Running COREOPT for 95 seconds.

[1m     %   Iterations    Objective   Routes       Iter/s      Eta (s)   RR (micro)   LS (micro)   Gamma    Omega     Temp  [0m
                                                                                                                         
  2.11         2112     21884605      803      1050.00        93.00        98.36       836.06    0.25    10.44   1608.36 
  4.21         4640     21865635      803      1157.00        91.00        92.89       758.18    0.25    10.95   1459.75 
  6.32         6898     21857220      803      1147.00        89.00        95.91       763.70    0.25    11.46   1324.80 
  8.42         9104     21855619      805      1136.00        87.00        97.79       770.41    0.25    11.92   1202.33 
 10.53        11138     21853176      803      1112.00        85.00        99.05       789.11    0.25    12.36   1090.92 
 12.64        13113     21850690      804      1091.00        83.00       101.20       804.00    0.25    12.78   990.07 
 14.75        15007     21848366      802      1071.00        81.00       103.24       819.62    0.25    13.20   898.59 
 16.85        16701     21845150      802      1043.00        79.00       106.39       841.57    0.25    13.54   815.48 
 18.96        18261     21841942      803      1013.00        77.00       109.76       865.60    0.25    13.84   740.03 
 21.07        19983     21840790      803       998.00        75.00       111.75       878.68    0.25    14.20   671.65 
 23.17        21730     21837653      803       987.00        73.00       112.87       888.90    0.25    14.52   609.59 
 25.28        25073     21825272      802      1044.00        71.00   735721456296041.88       902.70    0.25    15.06   553.23 
 27.38        26758     21822820      802      1028.00        69.00   689391736068125.00       911.53    0.25    15.36   502.12 
 29.49        28477     21817389      801      1016.00        67.00   647776945384387.12       917.98    0.25    15.68   455.70 
 31.60        30087     21801543      802      1002.00        65.00   613113440147288.38       927.09    0.25    15.97   413.55 

[1m     %   Iterations    Objective   Routes       Iter/s      Eta (s)   RR (micro)   LS (micro)   Gamma    Omega     Temp  [0m
                                                                                                                         
 33.70        31460     21800883      802       982.00        63.00   586355501389436.12       942.45    0.25    16.23   375.32 
 35.81        32814     21799077      801       964.00        61.00   562160787277131.62       957.22    0.25    16.44   340.63 
 37.92        34297     21797193      802       952.00        59.00   537852992206666.00       967.17    0.25    16.70   309.15 
 40.02        35519     21795840      801       934.00        57.00   519348632385827.00       983.52    0.25    16.89   280.56 
 42.13        36720     21793513      801       917.00        55.00   502362311375610.62       999.28    0.26    17.08   254.62 
 44.24        38057     21789423      801       905.00        53.00   484713563173992.88      1010.38    0.26    17.32   231.07 
 46.34        39357     21787072      802       894.00        51.00   468703002609775.25      1021.27    0.26    17.57   209.71 
 48.45        40662     21785427      801       883.00        49.00   453660520232974.44      1031.75    0.26    17.84   190.33 
 50.55        41932     21782894      801       873.00        47.00   439920444379315.19      1042.50    0.26    18.07   172.74 
 52.66        43308     21779286      801       865.00        45.00   425943106902042.75      1049.98    0.26    18.36   156.77 
 54.77        44679     21776411      801       859.00        43.00   412872805427916.94      1056.85    0.26    18.66   142.29 
 56.87        45976     21773929      801       851.00        41.00   401225510564514.69      1065.03    0.26    18.92   129.13 
 58.98        47724     21773729      801       852.00        39.00   386529714058219.94   386529714059176.38    0.26    19.33   117.18 
 61.09        48877     21773729      801       842.00        37.00   377411544769825.12   377411544770788.94    0.27    19.54   106.35 
 63.19        50191     21771620      801       836.00        35.00   367530913385168.25   367530913386136.88    0.27    19.84    96.51 

[1m     %   Iterations    Objective   Routes       Iter/s      Eta (s)   RR (micro)   LS (micro)   Gamma    Omega     Temp  [0m
                                                                                                                         
 65.30        51457     21770079      801       829.00        33.00   358488525831572.06   358488525832546.62    0.27    20.12    87.58 
 67.41        52669     21768483      801       822.00        31.00   350239117388129.75   350239117389111.88    0.27    20.38    79.48 
 69.52        53901     21766312      801       816.00        29.00   342233800369485.62   342233800370472.50    0.27    20.63    72.14 
 71.62        54991     21765897      801       808.00        27.00   335450238652067.31   335450238653063.31    0.27    20.86    65.47 
 73.73        56133     21763138      801       801.00        25.00   328625658235192.88   328625658236195.00    0.27    21.09    59.42 
 75.83        57296     21761922      801       795.00        23.00   321955181403872.75   321955181404880.12    0.27    21.34    53.93 
 77.94        58412     21761460      800       789.00        21.00   315804014136077.12   315804014137090.75    0.27    21.58    48.95 
 80.05        59528     21759673      800       783.00        19.00   309883484641122.44   309883484642143.44    0.27    21.84    44.42 
 82.15        60668     21758697      800       777.00        17.00   304060527357370.06   304060527358397.31    0.27    22.11    40.31 
 84.26        61844     21756808      800       772.00        15.00   298278637761418.44   298278637762450.25    0.27    22.31    36.59 
 86.37        62933     21755963      800       767.00        13.00   293117189292061.81   293117189293100.88    0.27    22.57    33.20 
 88.47        64073     21753919      800       762.00        11.00   287901987946835.12   287901987947878.69    0.27    22.88    30.14 
 90.58        66675     21751293      800       775.00         9.00   276666577783550.47   553333155567984.25    0.27    23.46    27.35 
 92.69        67829     21750112      800       770.00         7.00   271959546414048.19   543919092828983.12    0.26    23.72    24.82 
 94.79        69139     21748561      800       768.00         5.00   266806636973615.03   533613273948116.88    0.26    24.00    22.52 

[1m     %   Iterations    Objective   Routes       Iter/s      Eta (s)   RR (micro)   LS (micro)   Gamma    Omega     Temp  [0m
                                                                                                                         
 96.90        70387     21747129      800       764.00         3.00   262076009401153.94   524152018803195.19    0.26    24.21    20.44 
 99.00        71608     21746233      800       761.00         1.00   257607307475691.19   515214614952270.50    0.26    24.44    18.55 

Best solution found:
obj = 21746213, n. routes = 800

Run completed in 102 seconds 
Results stored in
 - results/bench/filo2_multistart_vda/s12_/Valle-D-Aosta.vrp_seed-12.out
 - results/bench/filo2_multistart_vda/s12_/Valle-D-Aosta.vrp_seed-12.vrp.sol
