Pre-processing the instance.
Done in 5 seconds.

Running CLARKE&WRIGHT to generate an initial solution.
Done in 0 seconds.
Initial solution: obj = 2.22316e+07, n. of routes = 810.

Setting up MOVEGENERATORS data structures.
Done in 0 seconds.
Using at most 596914 move-generators out of 400000000 total arcs (approx. 0.14923%)

Computing a greedy upper bound on the n. of routes.
Done in 3 milliseconds.
Around 800 routes should do the job.

Running ROUTEMIN heuristic for at most 1000 iterations.
Starting solution: obj = 2.2232e+07, n. of routes = 810.
Final solution: obj = 2.1909e+07, n. routes = 802
Done in 1 seconds.

Shaking LB = 380.32
Shaking UB = 862.05
Simulated annealing temperature goes from 1786.7 to 17.867.

Running COREOPT for 95 seconds.

[1m     %   Iterations    Objective   Routes       Iter/s      Eta (s)   RR (micro)   LS (micro)   Gamma    Omega     Temp  [0m
                                                                                                                         
  2.11         2748     21847704      802      1367.00        93.00        87.35       631.81    0.25    10.56   1621.33 
  4.22         5225     21841895      803      1302.00        91.00        93.65       663.48    0.25    11.12   1471.38 
  6.32         7237     21841895      803      1204.00        89.00        99.27       721.08    0.25    11.56   1335.36 
  8.43         9225     21837786      802      1151.00        87.00       102.15       754.53    0.25    11.96   1211.92 
 10.53        11117     21837786      802      1110.00        85.00       105.10       784.30    0.25    12.34   1099.94 
 12.64        13072     21834767      802      1088.00        83.00       106.64       800.55    0.25    12.72   998.25 
 14.75        14813     21830657      803      1057.00        81.00       108.67       825.30    0.25    12.97   906.02 
 16.85        16467     21830195      802      1028.00        79.00       111.32       849.11    0.25    13.30   822.30 
 18.96        18336     21830195      802      1018.00        77.00       111.90       858.92    0.25    13.63   746.28 
 21.06        19990     21825319      804       999.00        75.00       113.72       875.34    0.25    13.93   677.29 
 23.17        21994     21820564      801       999.00        73.00       114.32       874.64    0.25    14.36   614.65 
 25.28        25441     21818061      801      1059.00        71.00       116.64   725079362986137.12    0.25    15.07   557.81 
 27.38        27213     21802014      801      1046.00        69.00       117.16   677865140694963.25    0.25    15.41   506.24 
 29.49        28805     21801939      801      1028.00        67.00       118.30   640400766316047.88    0.25    15.68   459.44 
 31.60        30468     21801138      801      1015.00        65.00       119.23   605446503667304.88    0.25    15.98   416.97 

[1m     %   Iterations    Objective   Routes       Iter/s      Eta (s)   RR (micro)   LS (micro)   Gamma    Omega     Temp  [0m
                                                                                                                         
 33.70        31899     21801138      801       996.00        63.00       120.89   578285967388857.75    0.25    16.25   378.44 
 35.81        33323     21798868      801       979.00        61.00       122.04   553573930130506.88    0.26    16.48   343.46 
 37.91        34757     21796848      801       965.00        59.00       122.87   530734645502794.88    0.26    16.74   311.72 
 40.02        35992     21793509      801       946.00        57.00       125.04   512523451704334.00    0.26    16.94   282.88 
 42.13        37083     21788578      801       926.00        55.00       127.22   497444761042638.56    0.26    17.11   256.73 
 44.23        38354     21786277      801       912.00        53.00       128.45   480960110386033.81    0.26    17.36   233.01 
 46.34        39750     21784070      801       903.00        51.00       129.45   464069033301830.06    0.27    17.65   211.47 
 48.45        40934     21784070      801       889.00        49.00       130.57   450646017338876.12    0.27    17.89   191.91 
 50.55        42228     21784070      801       879.00        47.00       131.43   436836792501453.31    0.28    18.15   174.17 
 52.66        43248     21782472      801       864.00        45.00       132.57   426534037961365.38    0.28    18.33   158.05 
 54.77        44325     21781479      801       852.00        43.00       133.59   416170199069485.31    0.28    18.54   143.43 
 56.88        45382     21779056      801       840.00        41.00       134.87   406477107085556.94    0.28    18.73   130.17 
 58.98        46986     21776940      801       838.00        39.00       136.59   785201722799728.50    0.28    19.05   118.14 
 61.09        48068     21775812      801       828.00        37.00       137.72   767527006479774.62    0.28    19.25   107.22 
 63.19        49122     21775036      801       818.00        35.00       138.97   751058347532095.00    0.28    19.50    97.31 

[1m     %   Iterations    Objective   Routes       Iter/s      Eta (s)   RR (micro)   LS (micro)   Gamma    Omega     Temp  [0m
                                                                                                                         
 65.30        50123     21774111      800       808.00        33.00       140.25   736059057667604.00    0.29    19.71    88.32 
 67.41        51265     21772935      800       800.00        31.00       141.15   719662306592708.50    0.29    19.93    80.15 
 69.51        52220     21772881      800       791.00        29.00       142.35   706501113509708.38    0.29    20.17    72.74 
 71.62        53199     21770502      800       782.00        27.00       143.52   693499655021313.38    0.28    20.37    66.01 
 73.73        54216     21769196      800       774.00        25.00       144.96   680490780350463.00    0.28    20.60    59.91 
 75.83        55238     21768277      800       767.00        23.00       146.30   667900505946677.12    0.28    20.82    54.37 
 77.94        56294     21766422      800       760.00        21.00       147.40   655371587513488.12    0.28    21.01    49.35 
 80.04        57312     21765063      800       754.00        19.00       148.73   643730600004990.50    0.28    21.24    44.79 
 82.15        58318     21764412      800       747.00        17.00       150.12   632626087099828.88    0.28    21.51    40.65 
 84.25        59445     21763011      800       742.00        15.00       151.20   620632318066945.50    0.28    21.76    36.89 
 86.36        60589     21761338      800       738.00        13.00       152.29   608913963714392.00    0.28    21.99    33.48 
 88.47        61701     21760138      800       734.00        11.00       153.60   597939873705338.62    0.28    22.27    30.38 
 90.57        64104     21758211      800       745.00         9.00       156.77   863288284993197.88    0.28    22.86    27.58 
 92.68        65242     21757103      800       741.00         7.00       157.98   848230161877406.25    0.28    23.08    25.03 
 94.79        66478     21754844      800       738.00         5.00       158.78   832459343259538.38    0.27    23.33    22.71 

[1m     %   Iterations    Objective   Routes       Iter/s      Eta (s)   RR (micro)   LS (micro)   Gamma    Omega     Temp  [0m
                                                                                                                         
 96.89        67768     21753615      800       736.00         3.00       159.58   816613035964013.38    0.27    23.62    20.61 
 99.00        68913     21752609      800       733.00         1.00       160.55   803044885888161.88    0.27    23.85    18.71 

Best solution found:
obj = 21752609, n. routes = 800

Run completed in 102 seconds 
Results stored in
 - results/bench/filo2_multistart_vda/s4_/Valle-D-Aosta.vrp_seed-4.out
 - results/bench/filo2_multistart_vda/s4_/Valle-D-Aosta.vrp_seed-4.vrp.sol
