Pre-processing the instance.
Done in 5 seconds.

Running CLARKE&WRIGHT to generate an initial solution.
Done in 0 seconds.
Initial solution: obj = 2.22316e+07, n. of routes = 810.

Setting up MOVEGENERATORS data structures.
Done in 0 seconds.
Using at most 596914 move-generators out of 400000000 total arcs (approx. 0.14923%)

Computing a greedy upper bound on the n. of routes.
Done in 3 milliseconds.
Around 800 routes should do the job.

Running ROUTEMIN heuristic for at most 1000 iterations.
Starting solution: obj = 2.2232e+07, n. of routes = 810.

[1m   %    Objective   Routes    Iter/s   Eta (s)    % Inf  [0m
                                                        
  96     21914222      802    954.46     0.04     0.33 
Final solution: obj = 21909684, n. routes = 802
Done in 2 seconds.

Shaking LB = 380.3236356
Shaking UB = 862.0669074
Simulated annealing temperature goes from 1786.23445 to 17.8623445.

Running COREOPT for 95 seconds.

[1m     %   Iterations    Objective   Routes       Iter/s      Eta (s)   RR (micro)   LS (micro)   Gamma    Omega     Temp  [0m
                                                                                                                         
  2.11         2348     21845502      803      1168.00        93.00        91.26       750.04    0.25    10.47   1621.19 
  4.21         4868     21837494      802      1213.00        91.00        93.38       718.18    0.25    11.04   1471.39 
  6.32         7159     21827780      803      1191.00        89.00        95.93       732.24    0.25    11.48   1335.43 
  8.42         9194     21823352      803      1147.00        87.00        99.45       760.77    0.25    11.93   1211.98 
 10.53        11248     21815388      802      1123.00        85.00       102.34       776.77    0.25    12.35   1099.94 
 12.63        13236     21815388      802      1102.00        83.00       104.44       792.28    0.25    12.75   998.31 
 14.74        14955     21811574      801      1067.00        81.00       107.87       817.25    0.25    13.11   906.02 
 16.85        16834     21807804      802      1051.00        79.00       111.15       828.45    0.25    13.53   822.15 
 18.96        18634     21806087      802      1034.00        77.00       113.64       841.30    0.25    13.91   746.11 
 21.06        20492     21802155      801      1024.00        75.00       114.44       850.40    0.25    14.27   677.14 
 23.17        22343     21801293      803      1015.00        73.00       115.55       858.07    0.25    14.63   614.54 
 25.28        25694     21800008      802      1070.00        71.00       117.70   717939755340948.12    0.25    15.32   557.70 
 27.38        27434     21797659      801      1054.00        69.00       118.72   672404464304587.50    0.25    15.68   506.17 
 29.49        29221     21796130      801      1043.00        67.00       119.56   631283805267916.75    0.25    16.06   459.36 
 31.59        30798     21794675      802      1026.00        65.00       120.99   598959155585932.12    0.25    16.29   416.91 

[1m     %   Iterations    Objective   Routes       Iter/s      Eta (s)   RR (micro)   LS (micro)   Gamma    Omega     Temp  [0m
                                                                                                                         
 33.70        32259     21793766      801      1007.00        63.00       122.51   571832483143844.38    0.25    16.54   378.39 
 35.81        33782     21791883      801       993.00        61.00       123.72   546052456152359.50    0.25    16.79   343.38 
 37.91        35457     21789136      801       984.00        59.00       124.62   520256763791090.88    0.25    17.08   311.63 
 40.02        36884     21788089      801       970.00        57.00       125.98   500128621454897.50    0.26    17.36   282.82 
 42.13        38009     21788089      801       949.00        55.00       128.18   485325687961908.25    0.26    17.56   256.68 
 44.23        39297     21787787      801       935.00        53.00       129.63   469418634342212.81    0.26    17.80   232.95 
 46.34        40659     21785186      801       923.00        51.00       130.55   453693993304009.19    0.26    18.10   211.38 
 48.45        41957     21782907      802       911.00        49.00       131.69   439658318605941.25    0.27    18.32   191.84 
 50.56        43140     21779123      800       898.00        47.00       132.67   427601856137024.38    0.27    18.53   174.08 
 52.67        44332     21779123      800       886.00        45.00       133.87   416104486009044.94    0.27    18.74   157.99 
 54.77        45517     21777931      801       875.00        43.00       135.07   405271526545130.81    0.27    19.03   143.39 
 56.88        46697     21775919      801       864.00        41.00       136.35   395030603117040.56    0.28    19.30   130.13 
 58.98        48444     21775086      801       864.00        39.00   380784907805202.12   380784907806107.75    0.28    19.66   118.10 
 61.09        49546     21774285      800       854.00        37.00   372315506271252.12   372315506272168.62    0.28    19.90   107.18 
 63.20        50636     21773308      800       843.00        35.00   364300973096526.31   364300973097453.88    0.28    20.21    97.27 

[1m     %   Iterations    Objective   Routes       Iter/s      Eta (s)   RR (micro)   LS (micro)   Gamma    Omega     Temp  [0m
                                                                                                                         
 65.30        51624     21771188      800       832.00        33.00   357328840727489.12   357328840728428.69    0.28    20.39    88.28 
 67.41        52757     21769253      800       824.00        31.00   349654909750670.31   349654909751619.50    0.28    20.59    80.12 
 69.52        53916     21766999      801       816.00        29.00   342138587315756.38   342138587316713.56    0.28    20.87    72.71 
 71.63        55133     21764228      800       810.00        27.00   334586256393023.12   334586256393985.56    0.28    21.16    65.98 
 73.73        56189     21763281      800       802.00        25.00   328298137957905.56   328298137958876.69    0.28    21.41    59.88 
 75.84        57222     21761177      800       794.00        23.00   322371536711701.69   322371536712681.31    0.28    21.66    54.34 
 77.95        58186     21759941      800       786.00        21.00   317030627190685.75   317030627191674.69    0.28    21.83    49.32 
 80.05        59206     21757477      800       778.00        19.00   311568828728801.88   311568828729799.88    0.28    22.05    44.76 
 82.16        60279     21756654      800       772.00        17.00   306022728872703.06   306022728873708.00    0.28    22.33    40.62 
 84.27        61384     21755380      800       767.00        15.00   300513881039324.56   300513881040336.75    0.28    22.54    36.87 
 86.37        62545     21754298      800       762.00        13.00   294935551582350.81   294935551583368.38    0.28    22.76    33.46 
 88.48        63526     21754298      800       756.00        11.00   290381010510946.25   290381010511972.12    0.28    23.01    30.37 
 90.58        65945     21751201      800       766.00         9.00   279729230020758.72   559458460042374.88    0.27    23.58    27.56 
 92.69        67170     21748347      801       763.00         7.00   274627721806151.62   549255443613162.31    0.27    23.88    25.01 
 94.80        68327     21743023      801       759.00         5.00   269977374591588.25   539954749184038.75    0.27    24.22    22.70 

[1m     %   Iterations    Objective   Routes       Iter/s      Eta (s)   RR (micro)   LS (micro)   Gamma    Omega     Temp  [0m
                                                                                                                         
 96.90        69454     21741069      801       754.00         3.00   265596568573728.94   531193137148321.12    0.27    24.45    20.60 
 99.01        70787     21739025      801       752.00         1.00   260595082059135.47   521190164119134.69    0.27    24.73    18.70 

Best solution found:
obj = 21738825, n. routes = 801

Run completed in 102 seconds 
Results stored in
 - results/bench/filo2_multistart_vda/s7_/Valle-D-Aosta.vrp_seed-7.out
 - results/bench/filo2_multistart_vda/s7_/Valle-D-Aosta.vrp_seed-7.vrp.sol
