Pre-processing the instance.
Done in 2 seconds.

Running CLARKE&WRIGHT to generate an initial solution.
Done in 0 seconds.
Initial solution: obj = 2.22316e+07, n. of routes = 810.

Setting up MOVEGENERATORS data structures.
Done in 0 seconds.
Using at most 596914 move-generators out of 400000000 total arcs (approx. 0.14923%)

Computing a greedy upper bound on the n. of routes.
Done in 2 milliseconds.
Around 800 routes should do the job.

Running ROUTEMIN heuristic for at most 1000 iterations.
Starting solution: obj = 2.2232e+07, n. of routes = 810.
Final solution: obj = 2.1934e+07, n. routes = 802
Done in 1 seconds.

Shaking LB = 380.74
Shaking UB = 863.01
Simulated annealing temperature goes from 1792 to 17.92.

Running COREOPT for 82 seconds.

[1m     %   Iterations    Objective   Routes       Iter/s      Eta (s)   RR (micro)   LS (micro)   Gamma    Omega     Temp  [0m
                                                                                                                         
  2.44         4075     21866097      803      2027.00        80.00        56.66       427.65    0.25    10.88   1601.62 
  4.88         7774     21855125      801      1938.00        78.00        59.21       449.09    0.25    11.68   1431.46 
  7.32        10963     21852738      803      1824.00        76.00        61.15       479.84    0.25    12.33   1279.37 
  9.76        14015     21850317      803      1749.00        74.00        62.70       502.04    0.25    12.89   1143.19 
 12.20        17136     21832282      803      1711.00        72.00        64.35       512.41    0.25    13.51   1021.74 
 14.64        20035     21831046      803      1668.00        70.00        65.97       526.21    0.25    14.08   913.18 
 17.08        22740     21830103      802      1623.00        68.00        67.36       541.40    0.25    14.60   816.12 
 19.52        25367     21829754      802      1584.00        66.00        68.66       555.17    0.25    15.10   729.37 
 21.96        27918     21816942      803      1550.00        64.00        69.88       567.79    0.25    15.54   651.81 
 24.41        30357     21812084      801      1517.00        62.00        71.09       580.73    0.25    15.96   582.36 
 26.85        32827     21806489      801      1491.00        60.00        72.24       590.77    0.25    16.40   520.49 
 29.29        35211     21802106      801      1466.00        58.00        73.42       600.87    0.25    16.79   465.17 
 31.73        37609     21796703      802      1445.00        56.00        74.36       609.63    0.25    17.20   415.72 
 34.17        39848     21796703      802      1422.00        54.00        75.41       619.92    0.25    17.53   371.55 
 36.61        43034     21792436      801      1433.00        52.00   428655111625970.88       633.61    0.25    18.09   332.06 

[1m     %   Iterations    Objective   Routes       Iter/s      Eta (s)   RR (micro)   LS (micro)   Gamma    Omega     Temp  [0m
                                                                                                                         
 39.05        45117     21789803      800      1409.00        50.00   408864598127363.25       643.87    0.25    18.41   296.78 
 41.49        47205     21788343      801      1387.00        48.00   390779452890848.56       652.96    0.26    18.76   265.24 
 43.92        49149     21787616      801      1364.00        46.00   375322876838037.12       663.34    0.26    18.98   237.06 
 46.36        51206     21780993      801      1347.00        44.00   360245753890422.00       671.13    0.26    19.30   211.86 
 48.80        53217     21780136      801      1330.00        42.00   346632543617887.69       679.07    0.26    19.64   189.34 
 51.25        55185     21777095      801      1313.00        40.00   334270980768566.19       686.88    0.26    19.96   169.21 
 53.68        57153     21774100      801      1298.00        38.00   322760731260188.12       694.10    0.26    20.29   151.24 
 56.12        59086     21772473      801      1284.00        36.00   312201605688551.75       701.24    0.26    20.66   135.17 
 58.56        61060     21757435      801      1271.00        34.00   302108484666130.75       707.21    0.26    21.06   120.80 
 61.00        62927     21756464      801      1258.00        32.00   293145137599347.25       714.23    0.27    21.46   107.97 
 63.44        64863     21753155      801      1247.00        30.00   284395480839836.81       719.93    0.27    21.87    96.49 
 65.88        66724     21751315      801      1235.00        28.00   276463402579500.75       726.32    0.27    22.20    86.23 
 68.32        68649     21749458      801      1225.00        26.00   268711038379508.06       731.40    0.27    22.60    77.06 
 70.76        70519     21748102      801      1215.00        24.00   261585446102682.84       736.86    0.27    22.86    68.88 
 73.20        73235     21745105      801      1220.00        22.00   251884263995568.31   251884263996219.72    0.27    23.41    61.56 

[1m     %   Iterations    Objective   Routes       Iter/s      Eta (s)   RR (micro)   LS (micro)   Gamma    Omega     Temp  [0m
                                                                                                                         
 75.64        75041     21743624      801      1210.00        20.00   245822204844227.56   245822204844883.97    0.27    23.70    55.02 
 78.08        76933     21742365      800      1201.00        18.00   239776741758619.81   239776741759279.47    0.27    24.04    49.16 
 80.52        78780     21740309      800      1193.00        16.00   234155167221580.22   234155167222243.78    0.27    24.31    43.94 
 82.96        80682     21738840      800      1186.00        14.00   228635185961135.53   228635185961802.03    0.27    24.52    39.27 
 85.40        82503     21737469      800      1178.00        12.00   223588767362599.84   223588767363270.31    0.27    24.82    35.10 
 87.85        84395     21735803      800      1171.00        10.00   218576267239964.97   218576267240637.78    0.27    25.18    31.36 
 90.29        86290     21734006      800      1165.00         8.00   213776151045510.59   213776151046185.19    0.27    25.48    28.03 
 92.73        88172     21732552      800      1160.00         6.00   209213175086391.94   209213175087068.94    0.27    25.78    25.05 
 95.16        89997     21731051      800      1153.00         4.00   204970655396486.94   204970655397166.53    0.27    26.00    22.39 
 97.60        91892     21729233      800      1148.00         2.00   200743743456642.50   200743743457324.84    0.27    26.28    20.01 

Best solution found:
obj = 21728337, n. routes = 800

Run completed in 86 seconds 
Results stored in
 - results/bench/filo2_vda_seeds6to15/Valle-D-Aosta.vrp_seed-14.out
 - results/bench/filo2_vda_seeds6to15/Valle-D-Aosta.vrp_seed-14.vrp.sol
