Pre-processing the instance.
Done in 3 seconds.

Running CLARKE&WRIGHT to generate an initial solution.
Done in 0 seconds.
Initial solution: obj = 2.22316e+07, n. of routes = 810.

Setting up MOVEGENERATORS data structures.
Done in 0 seconds.
Using at most 596914 move-generators out of 400000000 total arcs (approx. 0.14923%)

Computing a greedy upper bound on the n. of routes.
Done in 2 milliseconds.
Around 800 routes should do the job.

Running ROUTEMIN heuristic for at most 1000 iterations.
Starting solution: obj = 2.2232e+07, n. of routes = 810.
Final solution: obj = 2.19e+07, n. routes = 802
Done in 1 seconds.

Shaking LB = 380.15
Shaking UB = 861.67
Simulated annealing temperature goes from 1778.3 to 17.783.

Running COREOPT for 82 seconds.

[1m     %   Iterations    Objective   Routes       Iter/s      Eta (s)   RR (micro)   LS (micro)   Gamma    Omega     Temp  [0m
                                                                                                                         
  2.44         4374     21830037      804      2176.00        80.00        51.90       400.31    0.25    10.92   1589.39 
  4.88         8474     21802506      802      2113.00        78.00        53.78       412.65    0.25    11.80   1420.53 
  7.32        12076     21802440      803      2009.00        76.00        56.10       434.75    0.25    12.57   1269.61 
  9.76        15327     21801327      802      1913.00        74.00        58.11       457.73    0.25    13.23   1134.65 
 12.20        19459     21801179      802      1943.00        72.00        60.58   947980064428707.12    0.25    13.91   1014.11 
 14.64        22448     21793320      803      1869.00        70.00        61.99   821754458023873.50    0.25    14.50   906.36 
 17.07        25411     21789239      803      1813.00        68.00        63.39   725935385215917.62    0.25    15.03   810.07 
 19.51        28084     21787394      804      1754.00        66.00        64.91   656841763058091.75    0.25    15.48   723.96 
 21.95        30596     21786238      802      1698.00        64.00        66.35   602913585884603.38    0.25    15.86   647.05 
 24.39        33206     21781298      801      1659.00        62.00        67.52   555524425517288.50    0.25    16.36   578.27 
 26.83        35760     21780718      801      1624.00        60.00        68.69   515848547923066.69    0.25    16.87   516.83 
 29.27        38232     21780718      801      1592.00        58.00        69.77   482494875332983.88    0.25    17.35   461.92 
 31.71        40731     21780718      801      1565.00        56.00        70.71   452892000533560.06    0.25    17.77   412.80 
 34.15        43109     21776435      801      1539.00        54.00        71.69   427909347786638.62    0.25    18.21   368.94 
 36.59        45442     21775764      801      1514.00        52.00        72.73   405940409175123.94    0.26    18.62   329.73 

[1m     %   Iterations    Objective   Routes       Iter/s      Eta (s)   RR (micro)   LS (micro)   Gamma    Omega     Temp  [0m
                                                                                                                         
 39.03        47669     21773600      802      1489.00        50.00        73.78   386975688051726.25    0.26    19.07   294.68 
 41.47        49687     21772708      801      1460.00        48.00        74.64   371258962580545.31    0.26    19.41   263.37 
 43.91        51689     21770238      801      1435.00        46.00        75.69   356879492227386.06    0.27    19.72   235.39 
 46.35        53755     21767615      801      1414.00        44.00        76.61   343163316412299.75    0.27    20.02   210.36 
 48.79        55734     21764677      801      1393.00        42.00        77.51   330978291056535.44    0.27    20.35   187.99 
 51.23        58595     21760529      801      1394.00        40.00        78.72   629635432160699.38    0.27    20.85   168.01 
 53.67        60539     21760529      801      1375.00        38.00        79.53   609416874204362.62    0.27    21.16   150.16 
 56.11        62392     21760208      800      1356.00        36.00        80.24   591317607184567.38    0.28    21.45   134.20 
 58.55        64187     21756314      800      1336.00        34.00        81.02   574781313154709.00    0.28    21.70   119.95 
 60.99        66003     21755465      800      1319.00        32.00        81.82   558966837075029.12    0.28    21.93   107.20 
 63.43        67790     21754313      801      1303.00        30.00        82.57   544232012796355.88    0.28    22.26    95.81 
 65.87        69628     21753524      801      1289.00        28.00        83.35   529865688336111.19    0.28    22.57    85.62 
 68.31        71364     21752879      801      1274.00        26.00        84.11   516976180531759.50    0.29    22.83    76.52 
 70.75        73177     21749841      800      1261.00        24.00        84.89   504167814306000.94    0.28    23.16    68.39 
 73.19        75073     21748845      800      1251.00        22.00        85.64   491434845383452.25    0.28    23.56    61.13 

[1m     %   Iterations    Objective   Routes       Iter/s      Eta (s)   RR (micro)   LS (micro)   Gamma    Omega     Temp  [0m
                                                                                                                         
 75.63        76932     21745810      800      1240.00        20.00        86.32   479559716989986.00    0.28    23.84    54.63 
 78.07        78744     21743975      800      1230.00        18.00        87.01   468524435480485.12    0.28    24.16    48.83 
 80.51        80681     21742259      800      1222.00        16.00        87.77   457276039556736.06    0.28    24.45    43.64 
 82.95        82593     21741167      800      1214.00        14.00        88.59   446690253986158.25    0.28    24.83    39.00 
 85.39        84464     21739757      800      1206.00        12.00        89.46   436795417544521.81    0.28    25.15    34.85 
 87.83        86296     21736959      800      1198.00        10.00        90.30   427522575177091.75    0.27    25.58    31.15 
 90.27        89020     21735268      800      1202.00         8.00        91.51   621660663010486.75    0.27    26.12    27.84 
 92.71        90972     21733262      800      1196.00         6.00        92.38   608321595888792.25    0.27    26.51    24.88 
 95.15        92829     21732160      800      1189.00         4.00        93.32   596152411651495.50    0.27    26.78    22.24 
 97.59        94790     21730728      800      1184.00         2.00        94.18   583819308167511.62    0.27    27.17    19.87 

Best solution found:
obj = 21730116, n. routes = 800

Run completed in 86 seconds 
Results stored in
 - results/bench/filo2_vda_seeds6to15/Valle-D-Aosta.vrp_seed-8.out
 - results/bench/filo2_vda_seeds6to15/Valle-D-Aosta.vrp_seed-8.vrp.sol
