Pre-processing the instance.
Done in 3 seconds.

Running CLARKE&WRIGHT to generate an initial solution.
Done in 0 seconds.
Initial solution: obj = 2.22316e+07, n. of routes = 810.

Setting up MOVEGENERATORS data structures.
Done in 0 seconds.
Using at most 596914 move-generators out of 400000000 total arcs (approx. 0.14923%)

Computing a greedy upper bound on the n. of routes.
Done in 2 milliseconds.
Around 800 routes should do the job.

Running ROUTEMIN heuristic for at most 1000 iterations.
Starting solution: obj = 2.2232e+07, n. of routes = 810.
Final solution: obj = 2.1918e+07, n. routes = 801
Done in 1 seconds.

Shaking LB = 380.51
Shaking UB = 862.49
Simulated annealing temperature goes from 1801.2 to 18.012.

Running COREOPT for 82 seconds.

[1m     %   Iterations    Objective   Routes       Iter/s      Eta (s)   RR (micro)   LS (micro)   Gamma    Omega     Temp  [0m
                                                                                                                         
  2.44         3614     21844076      802      1798.00        80.00        56.30       490.40    0.25    10.75   1609.88 
  4.88         7284     21834880      803      1816.00        78.00        58.03       485.07    0.25    11.55   1438.84 
  7.32        12007     21823724      804      1997.00        76.00   1536332478863119.25       503.95    0.25    12.62   1285.90 
  9.76        15009     21823724      804      1873.00        74.00   1229045510940746.25       521.30    0.25    13.20   1149.28 
 12.20        17804     21822239      802      1778.00        72.00   1036101105016278.88       538.49    0.25    13.69   1027.12 
 14.64        20533     21815844      801      1709.00        70.00   898394977534213.00       553.46    0.25    14.19   917.95 
 17.08        23143     21814275      801      1651.00        68.00   797076613823196.38       567.85    0.25    14.65   820.42 
 19.52        25665     21813610      801      1603.00        66.00   718750986702142.38       581.17    0.25    15.08   733.22 
 21.96        28157     21806970      801      1563.00        64.00   655138831328291.88       592.67    0.25    15.51   655.24 
 24.40        30577     21803437      801      1528.00        62.00   603288225584948.12       603.81    0.25    15.94   585.60 
 26.84        33010     21803437      801      1499.00        60.00   558822904383853.94       612.97    0.25    16.40   523.35 
 29.28        35275     21803437      801      1469.00        58.00   522941008468070.25       623.95    0.25    16.74   467.72 
 31.72        37574     21803437      801      1444.00        56.00   490944378392276.62       632.86    0.25    17.14   418.03 
 34.16        39781     21801913      802      1420.00        54.00   463707399857009.38       641.80    0.25    17.47   373.62 
 36.60        41952     21799029      800      1397.00        52.00   439710718766971.56       650.80    0.25    17.81   333.89 

[1m     %   Iterations    Objective   Routes       Iter/s      Eta (s)   RR (micro)   LS (micro)   Gamma    Omega     Temp  [0m
                                                                                                                         
 39.04        43978     21799029      800      1373.00        50.00   419453910448682.44       661.43    0.26    18.18   298.41 
 41.48        45804     21799029      800      1346.00        48.00   402732164739157.81       674.36    0.26    18.45   266.69 
 43.92        48551     21796453      801      1348.00        46.00   759891416189601.88       689.51    0.27    18.87   238.35 
 46.36        50520     21791187      801      1329.00        44.00   730274903947380.88       697.81    0.27    19.25   213.02 
 48.80        52396     21790524      801      1309.00        42.00   704127951511982.12       706.83    0.27    19.62   190.38 
 51.24        54065     21788695      801      1286.00        40.00   682391346479645.25       718.22    0.28    19.89   170.13 
 53.68        55743     21787056      801      1266.00        38.00   661849705746411.00       728.65    0.28    20.15   152.03 
 56.12        57448     21783658      801      1248.00        36.00   642206659020720.50       738.11    0.28    20.48   135.87 
 58.56        59065     21782430      801      1230.00        34.00   624625212010877.88       748.35    0.29    20.74   121.44 
 61.00        60709     21779578      801      1213.00        32.00   607710358388750.75       757.60    0.29    21.11   108.53 
 63.44        62304     21777426      801      1197.00        30.00   592152801544408.38       766.98    0.29    21.48    96.99 
 65.88        63887     21775486      801      1182.00        28.00   577480366074833.75       776.08    0.29    21.71    86.68 
 68.32        65599     21773604      800      1171.00        26.00   562409307267232.12       783.01    0.29    21.98    77.47 
 70.76        67341     21772054      800      1160.00        24.00   547860711118388.00       789.24    0.29    22.29    69.23 
 73.21        69018     21770184      800      1150.00        22.00   534548786511108.19       795.88    0.29    22.63    61.87 

[1m     %   Iterations    Objective   Routes       Iter/s      Eta (s)   RR (micro)   LS (micro)   Gamma    Omega     Temp  [0m
                                                                                                                         
 75.65        70862     21768368      800      1142.00        20.00   520638538954925.12       800.02    0.28    23.04    55.29 
 78.09        72561     21766521      800      1133.00        18.00   508447901040838.00       805.65    0.28    23.43    49.41 
 80.53        74352     21764556      800      1126.00        16.00   496200346290945.81       809.83    0.28    23.83    44.16 
 82.97        77115     21760628      800      1133.00        14.00   717632525723052.50       814.42    0.27    24.34    39.47 
 85.41        79058     21758170      800      1129.00        12.00   699995347986711.00       816.28    0.27    24.69    35.27 
 87.85        80894     21757051      800      1123.00        10.00   684107995909880.25       819.25    0.27    24.91    31.52 
 90.29        82747     21755918      800      1118.00         8.00   668788381707303.12       821.84    0.27    25.20    28.17 
 92.73        84693     21752888      800      1114.00         6.00   653421560472936.62       823.19    0.27    25.58    25.18 
 95.17        86645     21752331      800      1110.00         4.00   638700816217148.88       824.43    0.27    25.90    22.50 
 97.60        88517     21751236      800      1106.00         2.00   625193264809416.38       826.40    0.27    26.23    20.11 

Best solution found:
obj = 21750346, n. routes = 800

Run completed in 86 seconds 
Results stored in
 - results/bench/filo2_vda_seeds6to15/Valle-D-Aosta.vrp_seed-15.out
 - results/bench/filo2_vda_seeds6to15/Valle-D-Aosta.vrp_seed-15.vrp.sol
