Pre-processing the instance.
Done in 3 seconds.

Running CLARKE&WRIGHT to generate an initial solution.
Done in 0 seconds.
Initial solution: obj = 2.22316e+07, n. of routes = 810.

Setting up MOVEGENERATORS data structures.
Done in 0 seconds.
Using at most 596914 move-generators out of 400000000 total arcs (approx. 0.14923%)

Computing a greedy upper bound on the n. of routes.
Done in 2 milliseconds.
Around 800 routes should do the job.

Running ROUTEMIN heuristic for at most 1000 iterations.
Starting solution: obj = 2.2232e+07, n. of routes = 810.
Final solution: obj = 2.1966e+07, n. routes = 802
Done in 1 seconds.

Shaking LB = 381.31
Shaking UB = 864.3
Simulated annealing temperature goes from 1782.7 to 17.827.

Running COREOPT for 81 seconds.

[1m     %   Iterations    Objective   Routes       Iter/s      Eta (s)   RR (micro)   LS (micro)   Gamma    Omega     Temp  [0m
                                                                                                                         
  2.47         3757     21894328      804      1869.00        79.00        53.69       471.91    0.25    10.76   1591.10 
  4.94         7741     21872474      803      1930.00        77.00        54.66       455.90    0.25    11.62   1420.00 
  7.41        11291     21849968      804      1878.00        75.00        57.09       467.97    0.25    12.32   1267.38 
  9.88        14368     21849968      804      1793.00        73.00        59.39       491.33    0.25    12.90   1130.90 
 12.35        17425     21849968      804      1740.00        71.00        61.03       506.39    0.25    13.49   1009.35 
 14.82        20230     21849968      804      1684.00        69.00        62.60       524.01    0.25    14.06   900.81 
 17.29        23030     21846691      802      1643.00        67.00        63.64       536.96    0.25    14.59   803.95 
 19.76        25787     21840397      802      1610.00        65.00        64.88       548.21    0.25    15.12   717.54 
 22.23        28527     21836955      801      1583.00        63.00        66.04       557.56    0.25    15.63   640.42 
 24.70        30964     21836146      802      1547.00        61.00        67.22       571.31    0.25    16.05   571.52 
 27.17        33355     21833700      802      1515.00        59.00        68.26       583.87    0.25    16.41   510.03 
 29.64        36499     21825109      801      1520.00        57.00        70.54   505404095282904.62    0.25    16.97   455.19 
 32.12        38685     21821828      802      1487.00        55.00        71.61   476844877180626.00    0.25    17.31   406.19 
 34.59        41007     21819311      801      1464.00        53.00        72.58   449843784566887.75    0.25    17.71   362.54 
 37.06        43448     21815042      801      1447.00        51.00        73.41   424570614843862.81    0.25    18.14   323.57 

[1m     %   Iterations    Objective   Routes       Iter/s      Eta (s)   RR (micro)   LS (micro)   Gamma    Omega     Temp  [0m
                                                                                                                         
 39.53        45715     21813564      801      1428.00        49.00        74.36   403516221672052.94    0.25    18.57   288.78 
 42.00        47878     21812265      801      1407.00        47.00        75.17   385286437899237.38    0.25    18.85   257.74 
 44.46        50101     21809783      801      1391.00        45.00        75.98   368191135381359.06    0.26    19.25   230.04 
 46.93        52173     21806151      800      1372.00        43.00        76.91   353568782200433.44    0.26    19.56   205.30 
 49.40        54135     21804027      800      1353.00        41.00        77.80   340754485522211.69    0.26    19.86   183.22 
 51.87        56183     21801942      801      1337.00        39.00        78.54   328333198187116.00    0.26    20.16   163.53 
 54.34        58160     21798357      800      1321.00        37.00        79.29   317172353400077.88    0.26    20.44   145.95 
 56.81        60164     21781791      800      1307.00        35.00        80.03   306607673588030.75    0.26    20.78   130.26 
 59.28        62238     21778047      800      1296.00        33.00        80.83   296390373626273.75    0.26    21.19   116.25 
 61.75        64288     21776364      800      1285.00        31.00        81.67   286939149977503.94    0.27    21.56   103.75 
 64.22        66176     21774738      800      1272.00        29.00        82.42   278752781578753.53    0.27    21.94    92.60 
 66.69        68176     21772902      800      1262.00        27.00        83.14   270575335510404.72    0.27    22.29    82.64 
 69.16        70979     21770737      800      1267.00        25.00        84.15   519780331470837.00    0.27    22.71    73.76 
 71.63        72929     21769648      800      1257.00        23.00        84.78   505882271078313.38    0.27    22.97    65.83 
 74.10        74933     21764895      800      1248.00        21.00        85.55   492353010655813.44    0.27    23.33    58.75 

[1m     %   Iterations    Objective   Routes       Iter/s      Eta (s)   RR (micro)   LS (micro)   Gamma    Omega     Temp  [0m
                                                                                                                         
 76.57        76795     21763986      800      1238.00        19.00        86.38   480415237287242.62    0.27    23.61    52.44 
 79.04        78811     21761727      800      1231.00        17.00        87.13   468126126397018.75    0.27    23.96    46.80 
 81.51        80696     21760439      800      1222.00        15.00        87.93   457191039797228.88    0.27    24.41    41.77 
 83.98        82647     21757323      800      1215.00        13.00        88.73   446398394950560.12    0.27    24.72    37.28 
 86.45        84661     21753940      800      1209.00        11.00        89.56   435779026322399.94    0.27    25.10    33.27 
 88.92        86490     21752058      800      1201.00         9.00        90.57   426563627557896.75    0.26    25.43    29.69 
 91.39        88506     21750657      800      1195.00         7.00        91.43   416847311453281.25    0.26    25.86    26.50 
 93.86        90456     21749386      800      1190.00         5.00        92.28   407861149591910.00    0.26    26.12    23.65 
 96.33        92467     21747615      800      1185.00         3.00        93.11   398990863199708.75    0.26    26.45    21.11 
 98.80        94524     21745637      800      1181.00         1.00        93.86   390308156103097.19    0.26    26.70    18.84 

Best solution found:
obj = 21745086, n. routes = 800

Run completed in 86 seconds 
Results stored in
 - results/bench/filo2_vda_seeds6to15/Valle-D-Aosta.vrp_seed-6.out
 - results/bench/filo2_vda_seeds6to15/Valle-D-Aosta.vrp_seed-6.vrp.sol
