Pre-processing the instance.
Done in 3 seconds.

Running CLARKE&WRIGHT to generate an initial solution.
Done in 0 seconds.
Initial solution: obj = 2.22316e+07, n. of routes = 810.

Setting up MOVEGENERATORS data structures.
Done in 0 seconds.
Using at most 596914 move-generators out of 400000000 total arcs (approx. 0.14923%)

Computing a greedy upper bound on the n. of routes.
Done in 2 milliseconds.
Around 800 routes should do the job.

Running ROUTEMIN heuristic for at most 1000 iterations.
Starting solution: obj = 2.2232e+07, n. of routes = 810.
Final solution: obj = 2.1942e+07, n. routes = 801
Done in 1 seconds.

Shaking LB = 380.91
Shaking UB = 863.41
Simulated annealing temperature goes from 1783.2 to 17.832.

Running COREOPT for 82 seconds.

[1m     %   Iterations    Objective   Routes       Iter/s      Eta (s)   RR (micro)   LS (micro)   Gamma    Omega     Temp  [0m
                                                                                                                         
  2.44         3553     21861332      806      1767.00        80.00        54.71       501.46    0.25    10.68   1593.75 
  4.88         7185     21845623      802      1791.00        78.00        56.81       493.43    0.25    11.49   1424.35 
  7.32        10359     21832434      802      1723.00        76.00        58.56       514.26    0.25    12.08   1272.95 
  9.76        13563     21829425      802      1693.00        74.00        60.17       522.69    0.25    12.71   1137.71 
 12.20        16637     21829073      802      1662.00        72.00        61.91       532.35    0.25    13.37   1016.78 
 14.64        19479     21824347      802      1621.00        70.00        63.73       545.38    0.25    13.89   908.75 
 17.08        22302     21820799      802      1591.00        68.00        64.78       555.87    0.25    14.40   812.20 
 19.52        25021     21819670      802      1562.00        66.00        65.87       566.65    0.25    14.91   725.87 
 21.96        28913     21812001      802      1605.00        64.00        67.47   638008649179450.12    0.25    15.63   648.72 
 24.40        31538     21810724      802      1576.00        62.00        68.58   584905322903393.62    0.25    16.13   579.80 
 26.84        34091     21806826      802      1548.00        60.00        69.69   541103049887918.38    0.25    16.60   518.17 
 29.28        36491     21804632      802      1519.00        58.00        71.15   505514896103992.12    0.25    17.08   463.12 
 31.72        38698     21803958      801      1487.00        56.00        72.69   476684688452441.38    0.25    17.40   413.89 
 34.16        40979     21802425      801      1463.00        54.00        73.87   450151152388646.12    0.25    17.82   369.90 
 36.60        43303     21798101      801      1442.00        52.00        74.84   425992288611323.38    0.25    18.14   330.60 

[1m     %   Iterations    Objective   Routes       Iter/s      Eta (s)   RR (micro)   LS (micro)   Gamma    Omega     Temp  [0m
                                                                                                                         
 39.04        45322     21798069      801      1415.00        50.00        75.77   407015226021313.50    0.26    18.42   295.46 
 41.48        47424     21795754      801      1394.00        48.00        76.55   388974866602137.69    0.26    18.76   264.04 
 43.92        49450     21793956      801      1373.00        46.00        77.43   373038302805692.44    0.26    19.11   235.97 
 46.36        51451     21791029      801      1353.00        44.00        78.16   358530331261652.25    0.26    19.42   210.89 
 48.80        53527     21788631      801      1337.00        42.00        78.88   344625031736227.00    0.27    19.78   188.47 
 51.24        55504     21785967      800      1321.00        40.00        79.54   332349813954791.75    0.27    20.13   168.43 
 53.68        57459     21783880      801      1305.00        38.00        80.21   321041857215554.81    0.27    20.53   150.53 
 56.12        59505     21778938      801      1293.00        36.00        81.00   310003261469629.44    0.27    20.84   134.54 
 58.56        61442     21778938      801      1279.00        34.00        81.88   300230202040168.50    0.27    21.24   120.23 
 61.00        64158     21778523      801      1282.00        32.00        83.00   575041119540246.88    0.27    21.71   107.45 
 63.44        65954     21778356      800      1268.00        30.00        83.83   559382117043166.12    0.28    22.12    96.03 
 65.88        67771     21774385      800      1254.00        28.00        84.52   544384591454557.12    0.28    22.38    85.82 
 68.32        69592     21773032      800      1242.00        26.00        85.23   530139788301365.62    0.28    22.66    76.70 
 70.76        71439     21769639      800      1231.00        24.00        85.94   516433434783109.06    0.27    23.00    68.55 
 73.20        73362     21765894      800      1222.00        22.00        86.70   502896433405200.75    0.27    23.29    61.26 

[1m     %   Iterations    Objective   Routes       Iter/s      Eta (s)   RR (micro)   LS (micro)   Gamma    Omega     Temp  [0m
                                                                                                                         
 75.64        75439     21762836      800      1216.00        20.00        87.48   489050599126102.62    0.27    23.64    54.75 
 78.08        77456     21760376      800      1210.00        18.00        88.37   476315432600131.44    0.27    23.98    48.94 
 80.52        79417     21760204      800      1203.00        16.00        89.29   464554039405637.31    0.27    24.31    43.74 
 82.96        81289     21759214      800      1195.00        14.00        90.30   453855849468922.44    0.27    24.69    39.08 
 85.40        83167     21757788      801      1187.00        12.00        91.27   443607297936454.06    0.27    25.05    34.93 
 87.84        85140     21754980      800      1182.00        10.00        92.08   433327321440954.44    0.27    25.39    31.22 
 90.28        87164     21753302      800      1177.00         8.00        92.87   423265202921898.88    0.27    25.87    27.90 
 92.72        89140     21751701      800      1172.00         6.00        93.66   413882523530246.25    0.27    26.08    24.94 
 95.16        91094     21750222      800      1167.00         4.00        94.44   405004590285723.81    0.27    26.41    22.29 
 97.60        92956     21748670      800      1161.00         2.00        95.30   396891950465699.12    0.27    26.76    19.92 

Best solution found:
obj = 21747623, n. routes = 800

Run completed in 86 seconds 
Results stored in
 - results/bench/filo2_vda_seeds6to15/Valle-D-Aosta.vrp_seed-9.out
 - results/bench/filo2_vda_seeds6to15/Valle-D-Aosta.vrp_seed-9.vrp.sol
