Pre-processing the instance.
Done in 3 seconds.

Running CLARKE&WRIGHT to generate an initial solution.
Done in 0 seconds.
Initial solution: obj = 2.22316e+07, n. of routes = 810.

Setting up MOVEGENERATORS data structures.
Done in 0 seconds.
Using at most 596914 move-generators out of 400000000 total arcs (approx. 0.14923%)

Computing a greedy upper bound on the n. of routes.
Done in 2 milliseconds.
Around 800 routes should do the job.

Running ROUTEMIN heuristic for at most 1000 iterations.
Starting solution: obj = 2.2232e+07, n. of routes = 810.
Final solution: obj = 2.1924e+07, n. routes = 801
Done in 1 seconds.

Shaking LB = 380.6
Shaking UB = 862.7
Simulated annealing temperature goes from 1794.2 to 17.942.

Running COREOPT for 82 seconds.

[1m     %   Iterations    Objective   Routes       Iter/s      Eta (s)   RR (micro)   LS (micro)   Gamma    Omega     Temp  [0m
                                                                                                                         
  2.44         3712     21853514      803      1846.00        80.00        55.16       477.07    0.25    10.74   1603.55 
  4.88         7596     21838574      802      1894.00        78.00        57.78       462.57    0.25    11.61   1433.10 
  7.32        11003     21826290      803      1830.00        76.00        60.09       478.75    0.25    12.30   1280.85 
  9.76        14051     21823372      803      1754.00        74.00        62.01       500.94    0.25    12.88   1144.70 
 12.20        16953     21823372      803      1693.00        72.00        63.55       520.05    0.25    13.42   1022.86 
 14.64        19566     21823372      803      1629.00        70.00        64.66       542.05    0.25    13.83   914.18 
 17.08        22212     21823372      803      1585.00        68.00        65.92       557.62    0.25    14.24   817.01 
 19.52        24878     21823372      803      1553.00        66.00        67.13       568.94    0.25    14.73   730.09 
 21.96        27424     21823372      803      1522.00        64.00        68.39       580.78    0.25    15.18   652.48 
 24.41        30956     21820738      802      1547.00        62.00        70.01   595902056910683.88    0.25    15.81   583.10 
 26.85        33452     21817067      804      1519.00        60.00        71.09   551439198664619.44    0.25    16.23   521.15 
 29.29        35820     21813608      801      1491.00        58.00        72.16   514984480003646.31    0.25    16.58   465.75 
 31.73        38114     21808988      801      1465.00        56.00        73.22   483988667516722.94    0.25    16.95   416.22 
 34.17        40348     21804685      801      1440.00        54.00        74.14   457191039797120.56    0.25    17.29   372.00 
 36.61        42499     21802426      801      1416.00        52.00        74.99   434051249999672.62    0.25    17.58   332.46 

[1m     %   Iterations    Objective   Routes       Iter/s      Eta (s)   RR (micro)   LS (micro)   Gamma    Omega     Temp  [0m
                                                                                                                         
 39.05        44652     21787345      801      1394.00        50.00        75.89   413122459771966.56    0.26    17.98   297.12 
 41.49        46750     21782777      801      1374.00        48.00        76.85   394582760935609.38    0.26    18.32   265.51 
 43.93        48906     21779706      801      1358.00        46.00        77.82   377187749432411.62    0.26    18.77   237.28 
 46.37        50832     21777596      801      1337.00        44.00        78.71   362896287254944.06    0.26    19.16   212.07 
 48.81        52743     21774932      801      1318.00        42.00        79.51   349747721474794.00    0.26    19.51   189.50 
 51.25        54673     21774932      801      1301.00        40.00        80.33   337401351192486.62    0.27    19.86   169.37 
 53.69        56570     21773093      801      1285.00        38.00        81.18   326087043905755.00    0.27    20.19   151.38 
 56.13        58496     21769670      800      1271.00        36.00        81.97   315350520954429.81    0.27    20.41   135.27 
 58.57        60328     21769490      801      1256.00        34.00        82.71   305774169104762.69    0.27    20.68   120.90 
 61.01        62248     21764197      800      1244.00        32.00        83.54   296342759185096.75    0.27    20.99   108.05 
 63.45        64862     21763454      800      1247.00        30.00        84.58   568799730928202.75    0.27    21.38    96.56 
 65.89        66721     21761422      800      1235.00        28.00        85.32   552951666603720.38    0.27    21.73    86.30 
 68.33        68660     21760304      800      1225.00        26.00        86.09   537335976514252.88    0.27    22.16    77.13 
 70.78        70564     21756436      800      1216.00        24.00        86.88   522837256213795.88    0.27    22.50    68.92 
 73.21        72497     21755123      800      1208.00        22.00        87.72   508896756382638.12    0.27    22.92    61.60 

[1m     %   Iterations    Objective   Routes       Iter/s      Eta (s)   RR (micro)   LS (micro)   Gamma    Omega     Temp  [0m
                                                                                                                         
 75.65        74321     21754581      800      1198.00        20.00        88.54   496407316202336.81    0.27    23.26    55.05 
 78.10        76256     21752265      800      1191.00        18.00        89.34   483810954514735.31    0.27    23.65    49.20 
 80.54        78134     21750449      800      1183.00        16.00        90.24   472182252892178.50    0.27    23.96    43.97 
 82.97        80078     21747223      800      1177.00        14.00        91.17   460719400428072.56    0.27    24.33    39.30 
 85.41        81908     21747222      800      1169.00        12.00        91.99   450425943100564.25    0.27    24.70    35.12 
 87.85        83769     21744772      800      1163.00        10.00        92.81   440419345431876.12    0.27    24.96    31.39 
 90.29        85651     21744089      800      1157.00         8.00        93.64   430742059607996.62    0.27    25.37    28.05 
 92.73        87569     21742134      800      1152.00         6.00        94.47   421307633380376.62    0.27    25.73    25.07 
 95.17        89475     21740360      800      1146.00         4.00        95.37   412332921458372.31    0.27    26.08    22.41 
 97.61        91346     21738804      800      1141.00         2.00        96.23   403887287319525.62    0.27    26.40    20.03 

Best solution found:
obj = 21738149, n. routes = 800

Run completed in 86 seconds 
Results stored in
 - results/bench/filo2_vda_seeds6to15/Valle-D-Aosta.vrp_seed-13.out
 - results/bench/filo2_vda_seeds6to15/Valle-D-Aosta.vrp_seed-13.vrp.sol
