Pre-processing the instance.
Done in 3 seconds.

Running CLARKE&WRIGHT to generate an initial solution.
Done in 0 seconds.
Initial solution: obj = 2.22316e+07, n. of routes = 810.

Setting up MOVEGENERATORS data structures.
Done in 0 seconds.
Using at most 596914 move-generators out of 400000000 total arcs (approx. 0.14923%)

Computing a greedy upper bound on the n. of routes.
Done in 2 milliseconds.
Around 800 routes should do the job.

Running ROUTEMIN heuristic for at most 1000 iterations.
Starting solution: obj = 2.2232e+07, n. of routes = 810.
Final solution: obj = 2.191e+07, n. routes = 802
Done in 1 seconds.

Shaking LB = 380.32
Shaking UB = 862.07
Simulated annealing temperature goes from 1786.2 to 17.862.

Running COREOPT for 82 seconds.

[1m     %   Iterations    Objective   Routes       Iter/s      Eta (s)   RR (micro)   LS (micro)   Gamma    Omega     Temp  [0m
                                                                                                                         
  2.44         5955     21833814      803      2962.00        80.00        52.88   3097690020774335.00    0.25    11.31   1596.46 
  4.88         9738     21826783      804      2428.00        78.00        55.75   1894305203708459.25    0.25    12.08   1426.85 
  7.32        13248     21822265      803      2204.00        76.00        57.88   1392417276095616.75    0.25    12.88   1275.25 
  9.76        16585     21816042      803      2070.00        74.00        59.66   1112254692415823.00    0.25    13.63   1139.70 
 12.20        19682     21797657      804      1966.00        72.00        61.35   937239308694143.88    0.25    14.23   1018.62 
 14.64        22696     21795328      801      1889.00        70.00        62.84   812775117805778.00    0.25    14.74   910.40 
 17.08        25489     21794227      803      1819.00        68.00        64.14   723713918699115.00    0.25    15.21   813.63 
 19.51        28161     21793113      803      1758.00        66.00        65.50   655045775140212.25    0.25    15.63   727.19 
 21.95        30832     21790357      801      1711.00        64.00        66.63   598298653143660.25    0.25    16.06   649.89 
 24.39        33346     21789422      803      1666.00        62.00        67.82   553192109210314.00    0.25    16.50   580.85 
 26.83        35834     21789422      803      1628.00        60.00        69.00   514783280508145.94    0.25    16.93   519.13 
 29.27        38252     21788780      802      1593.00        58.00        70.14   482242603621526.94    0.25    17.30   463.93 
 31.71        40669     21785935      802      1563.00        56.00        71.25   453582435607770.75    0.25    17.64   414.64 
 34.15        43048     21784818      801      1536.00        54.00        72.16   428515705113691.44    0.25    18.01   370.57 
 36.59        45214     21783314      801      1506.00        52.00        73.03   407987439150174.38    0.25    18.33   331.20 

[1m     %   Iterations    Objective   Routes       Iter/s      Eta (s)   RR (micro)   LS (micro)   Gamma    Omega     Temp  [0m
                                                                                                                         
 39.03        47360     21781031      801      1479.00        50.00        73.97   389500508313720.88    0.26    18.69   295.99 
 41.47        50277     21779729      801      1478.00        48.00        75.29   733804486096012.12    0.26    19.19   264.52 
 43.91        52326     21777847      801      1453.00        46.00        76.11   705069910703110.25    0.26    19.52   236.40 
 46.35        54288     21774622      800      1428.00        44.00        76.86   679588272683700.38    0.27    19.81   211.28 
 48.79        56292     21772111      801      1406.00        42.00        77.60   655394872227927.25    0.27    20.09   188.83 
 51.23        58181     21770951      801      1384.00        40.00        78.39   634115744787066.75    0.27    20.39   168.76 
 53.67        59974     21767711      801      1362.00        38.00        79.34   615158037607264.25    0.27    20.77   150.83 
 56.11        61748     21765098      801      1342.00        36.00        80.28   597484746833254.25    0.28    21.08   134.80 
 58.55        63426     21763820      801      1321.00        34.00        81.23   581677673942254.12    0.28    21.33   120.47 
 60.99        65236     21761032      801      1304.00        32.00        82.08   565538784527916.88    0.28    21.60   107.67 
 63.43        67162     21757066      801      1291.00        30.00        82.93   549320868161534.88    0.28    21.92    96.23 
 65.87        69201     21754762      801      1281.00        28.00        83.70   533135188038710.88    0.28    22.33    86.00 
 68.31        71085     21754392      801      1269.00        26.00        84.46   519005249313759.62    0.28    22.64    76.86 
 70.75        72965     21752068      800      1257.00        24.00        85.23   505632675220591.19    0.28    22.96    68.69 
 73.19        74838     21750686      800      1247.00        22.00        86.07   492978007796468.81    0.28    23.37    61.40 

[1m     %   Iterations    Objective   Routes       Iter/s      Eta (s)   RR (micro)   LS (micro)   Gamma    Omega     Temp  [0m
                                                                                                                         
 75.63        76801     21748360      800      1238.00        20.00        86.86   480377705335527.38    0.27    23.75    54.87 
 78.07        79514     21746368      800      1242.00        18.00        88.01   695980987262431.25    0.27    24.26    49.04 
 80.51        81213     21744764      800      1230.00        16.00        89.19   681420858990395.00    0.27    24.55    43.83 
 82.95        83120     21743036      800      1222.00        14.00        90.14   665787201891105.50    0.27    24.91    39.17 
 85.39        85148     21741339      800      1216.00        12.00        90.99   649929912871593.25    0.27    25.28    35.01 
 87.83        87050     21740143      800      1208.00        10.00        91.77   635729261587504.12    0.27    25.57    31.29 
 90.27        88984     21738320      800      1202.00         8.00        92.56   621912166470308.38    0.27    25.84    27.96 
 92.71        91098     21736702      800      1198.00         6.00        93.34   607480210555616.75    0.27    26.23    24.99 
 95.15        93113     21735286      800      1193.00         4.00        94.09   594334112542793.25    0.27    26.50    22.33 
 97.59        95137     21734451      800      1189.00         2.00        94.90   581689902153721.75    0.27    26.85    19.96 

Best solution found:
obj = 21733665, n. routes = 800

Run completed in 86 seconds 
Results stored in
 - results/bench/filo2_vda_seeds6to15/Valle-D-Aosta.vrp_seed-7.out
 - results/bench/filo2_vda_seeds6to15/Valle-D-Aosta.vrp_seed-7.vrp.sol
