Pre-processing the instance.
Done in 3 seconds.

Running CLARKE&WRIGHT to generate an initial solution.
Done in 0 seconds.
Initial solution: obj = 2.22316e+07, n. of routes = 810.

Setting up MOVEGENERATORS data structures.
Done in 0 seconds.
Using at most 596914 move-generators out of 400000000 total arcs (approx. 0.14923%)

Computing a greedy upper bound on the n. of routes.
Done in 2 milliseconds.
Around 800 routes should do the job.

Running ROUTEMIN heuristic for at most 1000 iterations.
Starting solution: obj = 2.2232e+07, n. of routes = 810.
Final solution: obj = 2.1915e+07, n. routes = 802
Done in 1 seconds.

Shaking LB = 380.41
Shaking UB = 862.27
Simulated annealing temperature goes from 1785.9 to 17.859.

Running COREOPT for 82 seconds.

[1m     %   Iterations    Objective   Routes       Iter/s      Eta (s)   RR (micro)   LS (micro)   Gamma    Omega     Temp  [0m
                                                                                                                         
  2.44         4295     21854068      804      2136.00        80.00        54.51       406.36    0.25    10.92   1596.18 
  4.88         8044     21851141      803      2005.00        78.00        56.38       435.00    0.25    11.68   1426.60 
  7.32        11384     21843688      802      1894.00        76.00        57.98       462.91    0.25    12.38   1275.03 
  9.76        14652     21833409      802      1829.00        74.00        59.87       480.11    0.25    13.01   1139.50 
 12.20        17820     21829073      802      1780.00        72.00        61.44       493.50    0.25    13.65   1018.38 
 14.64        20702     21811852      803      1723.00        70.00        63.02       510.30    0.25    14.20   910.19 
 17.08        23475     21811852      803      1675.00        68.00        64.58       525.53    0.25    14.75   813.44 
 19.52        26222     21807279      803      1637.00        66.00        66.05       537.44    0.25    15.20   727.02 
 21.95        28819     21798270      801      1600.00        64.00        67.48       550.26    0.25    15.64   649.78 
 24.40        31429     21792597      802      1570.00        62.00        68.85       560.54    0.25    16.12   580.71 
 26.83        33855     21792597      802      1538.00        60.00        70.02       572.93    0.25    16.48   519.01 
 29.27        36177     21790651      801      1506.00        58.00        71.11       585.26    0.25    16.87   463.85 
 31.71        39439     21789187      802      1516.00        56.00        72.52   467728493971257.19    0.25    17.49   414.54 
 34.15        41746     21786085      802      1490.00        54.00        73.57   441880517264748.50    0.25    17.90   370.48 
 36.59        44015     21786071      802      1466.00        52.00        74.57   419101308048073.12    0.25    18.33   331.12 

[1m     %   Iterations    Objective   Routes       Iter/s      Eta (s)   RR (micro)   LS (micro)   Gamma    Omega     Temp  [0m
                                                                                                                         
 39.03        46181     21786071      802      1442.00        50.00        75.53   399444448447147.50    0.26    18.71   295.92 
 41.47        48187     21783519      801      1416.00        48.00        76.42   382815781719955.56    0.26    19.06   264.47 
 43.91        50243     21780476      801      1395.00        46.00        77.40   367150529899512.81    0.26    19.42   236.36 
 46.35        52449     21776589      801      1379.00        44.00        78.26   351708213192682.50    0.26    19.81   211.23 
 48.79        54454     21776589      801      1361.00        42.00        79.09   338758292756174.38    0.27    20.18   188.79 
 51.23        56326     21772969      801      1340.00        40.00        80.04   327499628479680.50    0.27    20.45   168.72 
 53.67        58155     21771954      801      1321.00        38.00        81.10   317199622968760.12    0.27    20.87   150.80 
 56.11        59996     21770549      800      1303.00        36.00        82.03   307466232311321.06    0.27    21.13   134.77 
 58.55        61819     21768864      801      1287.00        34.00        82.74   298399263555732.38    0.28    21.45   120.44 
 61.00        63624     21767708      800      1272.00        32.00        83.58   289933736856430.81    0.28    21.74   107.64 
 63.44        65351     21766359      800      1256.00        30.00        84.33   282271794980266.25    0.28    22.07    96.20 
 65.87        67029     21765491      800      1241.00        28.00        85.22   275205419650556.56    0.28    22.38    85.98 
 68.31        68624     21763467      800      1225.00        26.00        86.00   268808930895298.28    0.28    22.68    76.84 
 70.75        71134     21759712      800      1226.00        24.00   259323868666388.94   259323868667044.25    0.28    23.15    68.67 
 73.19        72949     21757766      800      1215.00        22.00   252871788149462.75   252871788150122.62    0.28    23.48    61.38 

[1m     %   Iterations    Objective   Routes       Iter/s      Eta (s)   RR (micro)   LS (micro)   Gamma    Omega     Temp  [0m
                                                                                                                         
 75.63        74824     21753131      800      1206.00        20.00   246535123405797.22   246535123406461.12    0.28    23.77    54.86 
 78.07        76608     21751411      800      1196.00        18.00   240793965039102.62   240793965039770.94    0.28    24.15    49.02 
 80.51        78443     21748450      800      1188.00        16.00   235161124303197.84   235161124303870.25    0.27    24.44    43.81 
 82.95        80402     21747328      800      1182.00        14.00   229431408095768.44   229431408096443.22    0.27    24.76    39.16 
 85.39        82284     21744910      800      1175.00        12.00   224183851948328.03   224183851949005.81    0.27    25.13    35.00 
 87.83        84131     21744211      800      1168.00        10.00   219262151569771.94   219262151570452.94    0.27    25.47    31.27 
 90.27        86024     21742551      800      1162.00         8.00   214437181178702.59   214437181179385.78    0.27    25.76    27.95 
 92.71        87875     21741438      800      1156.00         6.00   209920273954104.72   209920273954790.09    0.27    26.01    24.98 
 95.15        89747     21739420      800      1150.00         4.00   205541623382589.06   205541623383275.91    0.27    26.33    22.32 
 97.59        91635     21737853      800      1145.00         2.00   201306750408876.59   201306750409565.97    0.27    26.48    19.95 

Best solution found:
obj = 21736784, n. routes = 800

Run completed in 86 seconds 
Results stored in
 - results/bench/filo2_vda_seeds6to15/Valle-D-Aosta.vrp_seed-10.out
 - results/bench/filo2_vda_seeds6to15/Valle-D-Aosta.vrp_seed-10.vrp.sol
