Pre-processing the instance.
Done in 3 seconds.

Running CLARKE&WRIGHT to generate an initial solution.
Done in 0 seconds.
Initial solution: obj = 2.22316e+07, n. of routes = 810.

Setting up MOVEGENERATORS data structures.
Done in 0 seconds.
Using at most 596914 move-generators out of 400000000 total arcs (approx. 0.14923%)

Computing a greedy upper bound on the n. of routes.
Done in 3 milliseconds.
Around 800 routes should do the job.

Running ROUTEMIN heuristic for at most 1000 iterations.
Starting solution: obj = 2.2232e+07, n. of routes = 810.
Final solution: obj = 2.1966e+07, n. routes = 802
Done in 1 seconds.

Shaking LB = 381.3
Shaking UB = 864.29
Simulated annealing temperature goes from 1772.1 to 17.721.

Running COREOPT for 82 seconds.

[1m     %   Iterations    Objective   Routes       Iter/s      Eta (s)   RR (micro)   LS (micro)   Gamma    Omega     Temp  [0m
                                                                                                                         
  2.44         3689     21874672      805      1835.00        80.00        57.88       476.81    0.25    10.77   1583.83 
  4.88         7121     21863344      802      1775.00        78.00        60.40       494.23    0.25    11.51   1415.56 
  7.32        10615     21853814      803      1766.00        76.00        61.17       497.24    0.25    12.25   1265.16 
  9.76        13573     21849653      802      1694.00        74.00        62.14       520.31    0.25    12.82   1130.56 
 12.20        16386     21847452      801      1636.00        72.00        63.88       539.55    0.25    13.36   1010.39 
 14.64        20189     21838227      803      1681.00        70.00        65.69   913702713047705.62    0.25    14.09   903.04 
 17.08        22936     21831411      802      1637.00        68.00        67.03   804270320619198.75    0.25    14.58   807.06 
 19.52        25490     21830384      803      1592.00        66.00        68.31   723685526627061.75    0.25    15.01   721.23 
 21.96        27957     21827740      801      1552.00        64.00        69.45   659825591934955.88    0.25    15.45   644.53 
 24.40        30416     21811222      802      1520.00        62.00        71.00   606481591061527.62    0.25    15.93   576.02 
 26.84        32720     21809292      802      1486.00        60.00        72.31   563775796874364.00    0.25    16.32   514.80 
 29.28        34994     21808506      801      1457.00        58.00        73.40   527140197569039.31    0.25    16.71   460.10 
 31.72        37195     21806043      802      1430.00        56.00        74.63   495946876562247.00    0.25    17.13   411.20 
 34.16        39392     21802172      801      1406.00        54.00        75.87   468286557517631.31    0.25    17.54   367.51 
 36.60        41616     21798973      802      1386.00        52.00        76.96   443260862979054.62    0.25    17.87   328.45 

[1m     %   Iterations    Objective   Routes       Iter/s      Eta (s)   RR (micro)   LS (micro)   Gamma    Omega     Temp  [0m
                                                                                                                         
 39.04        43856     21796634      801      1370.00        50.00        77.96   420620760528503.56    0.25    18.30   293.53 
 41.48        45969     21790430      801      1351.00        48.00        79.00   401286607795249.56    0.25    18.64   262.35 
 43.92        48112     21787472      801      1336.00        46.00        80.02   383412538945411.06    0.26    19.02   234.46 
 46.36        50219     21782265      801      1321.00        44.00        81.11   367325993622800.00    0.26    19.44   209.55 
 48.80        52135     21782265      801      1303.00        42.00        82.24   353826490337492.50    0.26    19.82   187.27 
 51.24        54082     21782265      801      1287.00        40.00        83.09   341088422649810.19    0.26    20.14   167.37 
 53.68        56651     21780325      802      1287.00        38.00        84.15   651241604692913.25    0.26    20.48   149.59 
 56.12        58664     21775837      801      1275.00        36.00        85.01   628894861370856.50    0.26    20.83   133.70 
 58.56        60588     21773701      801      1261.00        34.00        85.82   608924013789227.38    0.27    21.15   119.49 
 61.00        62495     21770497      801      1249.00        32.00        86.64   590343037802439.12    0.27    21.44   106.79 
 63.44        64340     21769523      801      1237.00        30.00        87.49   573414487837506.25    0.27    21.74    95.45 
 65.88        66246     21767305      801      1226.00        28.00        88.35   556916465106828.69    0.27    22.11    85.29 
 68.32        68163     21764455      800      1216.00        26.00        89.25   541253878900117.06    0.27    22.47    76.23 
 70.76        70062     21761469      800      1207.00        24.00        90.08   526583428213160.44    0.27    22.79    68.12 
 73.20        72033     21759423      800      1200.00        22.00        90.85   512174810815490.75    0.27    23.16    60.88 

[1m     %   Iterations    Objective   Routes       Iter/s      Eta (s)   RR (micro)   LS (micro)   Gamma    Omega     Temp  [0m
                                                                                                                         
 75.64        73956     21758804      800      1192.00        20.00        91.62   498857268476850.44    0.27    23.55    54.41 
 78.08        75857     21757094      800      1185.00        18.00        92.37   486355750260038.19    0.27    23.77    48.62 
 80.52        77707     21755498      800      1177.00        16.00        93.18   474776894584496.31    0.27    24.11    43.46 
 82.96        79597     21752766      800      1170.00        14.00        93.95   463503500728408.06    0.27    24.38    38.84 
 85.40        81501     21751044      800      1164.00        12.00        94.70   452675281867473.19    0.27    24.63    34.71 
 87.84        83470     21749334      800      1159.00        10.00        95.57   441996982718134.44    0.27    24.95    31.02 
 90.28        86163     21747620      800      1164.00         8.00        96.78   642273739554031.50    0.27    25.51    27.72 
 92.72        88065     21745447      800      1158.00         6.00        97.59   628402114588040.00    0.27    25.86    24.78 
 95.16        90004     21743820      800      1153.00         4.00        98.37   614864141829224.50    0.26    26.23    22.14 
 97.60        91914     21742221      800      1148.00         2.00        99.20   602087083808771.12    0.26    26.52    19.79 

Best solution found:
obj = 21741418, n. routes = 800

Run completed in 86 seconds 
Results stored in
 - results/bench/filo2_vda_seeds6to15/Valle-D-Aosta.vrp_seed-12.out
 - results/bench/filo2_vda_seeds6to15/Valle-D-Aosta.vrp_seed-12.vrp.sol
