Pre-processing the instance.
Done in 3 seconds.

Running CLARKE&WRIGHT to generate an initial solution.
Done in 0 seconds.
Initial solution: obj = 2.22316e+07, n. of routes = 810.

Setting up MOVEGENERATORS data structures.
Done in 0 seconds.
Using at most 596914 move-generators out of 400000000 total arcs (approx. 0.14923%)

Computing a greedy upper bound on the n. of routes.
Done in 2 milliseconds.
Around 800 routes should do the job.

Running ROUTEMIN heuristic for at most 1000 iterations.
Starting solution: obj = 2.2232e+07, n. of routes = 810.
Final solution: obj = 2.1891e+07, n. routes = 802
Done in 1 seconds.

Shaking LB = 380
Shaking UB = 861.33
Simulated annealing temperature goes from 1779.9 to 17.799.

Running COREOPT for 82 seconds.

[1m     %   Iterations    Objective   Routes       Iter/s      Eta (s)   RR (micro)   LS (micro)   Gamma    Omega     Temp  [0m
                                                                                                                         
  2.44         4414     21828808      805      2196.00        80.00        55.09       392.86    0.25    11.01   1590.80 
  4.88         9753     21816026      803      2432.00        78.00        59.13   1891391784447135.25    0.25    12.25   1421.79 
  7.32        12687     21816026      803      2110.00        76.00        63.36   1453987867400860.25    0.25    12.93   1270.74 
  9.76        15615     21805610      802      1949.00        74.00        65.54   1181347683235123.25    0.25    13.44   1135.67 
 12.20        18337     21790546      804      1831.00        72.00        67.75   1005984843415946.75    0.25    13.98   1015.01 
 14.64        21029     21790546      804      1750.00        70.00        69.22   877205006121067.38    0.25    14.48   907.17 
 17.08        23812     21789425      803      1699.00        68.00        70.13   774682684097164.25    0.25    14.98   810.75 
 19.51        26412     21789425      803      1649.00        66.00        71.13   698422840895178.88    0.25    15.53   724.61 
 21.95        29027     21784731      803      1611.00        64.00        72.36   635502948073352.25    0.25    16.01   647.63 
 24.39        31544     21782247      804      1576.00        62.00        73.55   584794067769684.88    0.25    16.48   578.79 
 26.83        33847     21781269      802      1537.00        60.00        75.05   545003813446645.50    0.25    16.96   517.30 
 29.27        36250     21781234      801      1509.00        58.00        75.90   508875698585664.62    0.25    17.37   462.31 
 31.71        38528     21779649      802      1481.00        56.00        76.84   478788000252598.94    0.25    17.76   413.17 
 34.15        40733     21778845      803      1454.00        54.00        77.87   452869763428520.19    0.25    18.07   369.27 
 36.59        42794     21775056      801      1425.00        52.00        78.88   431059122160482.62    0.25    18.46   330.02 

[1m     %   Iterations    Objective   Routes       Iter/s      Eta (s)   RR (micro)   LS (micro)   Gamma    Omega     Temp  [0m
                                                                                                                         
 39.03        44958     21770573      802      1404.00        50.00        79.81   410310602645524.62    0.25    18.88   294.93 
 41.47        47960     21766699      801      1410.00        48.00        81.07   769255382557313.25    0.26    19.39   263.58 
 43.91        50033     21765800      801      1389.00        46.00        81.94   737383090109539.12    0.26    19.73   235.57 
 46.35        51937     21765800      801      1366.00        44.00        82.76   710350773965618.62    0.26    19.97   210.53 
 48.79        53825     21763992      801      1345.00        42.00        83.61   685434057546754.50    0.27    20.29   188.17 
 51.23        55720     21762796      801      1326.00        40.00        84.41   662122902861734.62    0.27    20.59   168.17 
 53.67        57547     21759771      802      1307.00        38.00        85.19   641101849748164.62    0.27    20.82   150.29 
 56.11        59194     21758513      801      1286.00        36.00        86.44   623263981948499.38    0.28    21.15   134.32 
 58.55        60896     21756483      800      1268.00        34.00        87.39   605844195800398.88    0.28    21.46   120.05 
 60.99        62660     21753916      801      1252.00        32.00        88.34   588788511769274.62    0.28    21.88   107.29 
 63.43        64469     21751550      801      1239.00        30.00        89.14   572267107407660.50    0.28    22.23    95.89 
 65.87        66286     21749836      801      1227.00        28.00        89.83   556580396274722.00    0.28    22.58    85.70 
 68.31        68086     21748090      800      1215.00        26.00        90.49   541865995174748.62    0.28    22.87    76.59 
 70.75        69889     21744737      800      1204.00        24.00        91.26   527886908490173.88    0.28    23.18    68.45 
 73.19        71684     21743040      800      1194.00        22.00        92.03   514668379937944.44    0.28    23.41    61.18 

[1m     %   Iterations    Objective   Routes       Iter/s      Eta (s)   RR (micro)   LS (micro)   Gamma    Omega     Temp  [0m
                                                                                                                         
 75.63        73489     21742367      800      1185.00        20.00        92.68   502027353038869.44    0.28    23.72    54.67 
 78.07        75339     21740765      800      1176.00        18.00        93.38   489699732508730.06    0.28    24.09    48.87 
 80.51        78084     21738804      800      1182.00        16.00   236242304104757.88   472484608210103.31    0.28    24.51    43.67 
 82.95        79955     21736825      800      1175.00        14.00   230714077590095.81   461428155180782.06    0.27    24.84    39.03 
 85.39        81764     21735821      800      1167.00        12.00   225609609042076.88   451219218084746.62    0.27    25.11    34.88 
 87.83        83582     21734937      800      1160.00        10.00   220702353063059.34   441404706126713.38    0.28    25.44    31.18 
 90.27        85348     21733607      800      1153.00         8.00   216135633801809.41   432271267604217.31    0.27    25.77    27.86 
 92.71        87191     21732606      800      1147.00         6.00   211567066253593.78   423134132507787.06    0.27    26.09    24.90 
 95.15        89079     21730787      800      1141.00         4.00   207082972122692.88   414165944245985.25    0.27    26.46    22.25 
 97.59        90893     21728796      800      1136.00         2.00   202950106979828.84   405900213960259.12    0.27    26.71    19.89 

Best solution found:
obj = 21728134, n. routes = 800

Run completed in 86 seconds 
Results stored in
 - results/bench/filo2_vda_seeds6to15/Valle-D-Aosta.vrp_seed-11.out
 - results/bench/filo2_vda_seeds6to15/Valle-D-Aosta.vrp_seed-11.vrp.sol
