Pre-processing the instance.
Progress: 5%
Progress: 12%
Progress: 17%
Progress: 23%
Progress: 30%
Progress: 36%
Progress: 41%
Progress: 48%
Progress: 54%
Progress: 59%
Progress: 66%
Progress: 72%
Progress: 78%
Progress: 84%
Progress: 90%
Progress: 96%
Done in 184 seconds.

Running CLARKE&WRIGHT to generate an initial solution.
Progress: 81.9996%, Solution cost: 5.47901e+09 
Done in 10 seconds.
Initial solution: obj = 1.38512e+09, n. of routes = 12992.

Setting up MOVEGENERATORS data structures.
Done in 4 seconds.
Using at most 28445288 move-generators out of 902500000000 total arcs (approx. 0.00315%)

Computing a greedy upper bound on the n. of routes.
Done in 1564 milliseconds.
Around 12669 routes should do the job.

Running ROUTEMIN heuristic for at most 1000 iterations.
Starting solution: obj = 1.3851e+09, n. of routes = 12992.

[1m   %    Objective   Routes    Iter/s   Eta (s)    % Inf  [0m
                                                        
   6   1382121727    12966   6200.00     0.15     0.85 
  75   1366499484    12849    376.12     0.65     0.38 
Final solution: obj = 1363752821, n. routes = 12826
Done in 4 seconds.

Shaking LB = 524.1703313
Shaking UB = 1188.119418
Simulated annealing temperature goes from 6768.078973 to 67.68078973.

Running COREOPT for 124 seconds.

[1m     %   Iterations    Objective   Routes       Iter/s      Eta (s)   RR (micro)   LS (micro)   Gamma    Omega     Temp  [0m
                                                                                                                         
  1.61         1797   1361472124    12824       894.00       122.00       197.45   10265299985370692.00    0.25    14.00   6283.35 
  3.24         3481   1360314480    12824       868.00       120.00       207.76   5299265749414753.00    0.25    14.00   5830.52 
  4.85         5207   1359338868    12823       866.00       118.00       214.67   3542681788691050.00    0.25    14.00   5413.14 
  6.46         7038   1358602766    12822       878.00       116.00       219.79   2621020755003673.00    0.25    14.01   5025.64 
  8.08         8914   1358022770    12821       890.00       114.00       220.72   2069412617648347.75    0.25    14.01   4665.70 
  9.69        10711   1357541114    12821       891.00       112.00       223.95   1722224262320873.50    0.25    14.02   4331.55 
 11.30        12482   1357125198    12818       890.00       110.00       226.68   1477867655321294.00    0.25    14.02   4021.47 
 12.92        14305   1356655846    12816       893.00       108.00       227.98   1289531218016214.00    0.25    14.03   3733.59 
 14.53        16191   1356346465    12812       899.00       106.00       227.97   1139320861819745.25    0.25    14.04   3465.68 
 16.15        18100   1355929621    12809       904.00       104.00       228.65   1019157131145028.62    0.25    14.05   3217.58 
 17.76        19837   1355651211    12806       901.00       102.00       229.77   929916019243160.25    0.25    14.05   2987.25 
 19.37        21613   1355428106    12803       900.00       100.00       230.57   853502247431087.00    0.25    14.06   2773.31 
 20.99        23266   1355171329    12800       894.00        98.00       231.20   792862721298445.62    0.25    14.07   2574.68 
 22.60        25005   1354957556    12797       892.00        96.00       231.94   737722218505544.38    0.25    14.07   2389.93 
 24.22        26701   1354624988    12792       889.00        94.00       232.51   690863416116721.62    0.25    14.08   2218.84 

[1m     %   Iterations    Objective   Routes       Iter/s      Eta (s)   RR (micro)   LS (micro)   Gamma    Omega     Temp  [0m
                                                                                                                         
 25.83        28503   1354168236    12788       890.00        92.00       232.23   647186053178056.12    0.25    14.09   2059.93 
 27.45        31197   1353911362    12786       917.00        90.00   591298652874179.25   591298652874838.12    0.25    14.10   1912.33 
 29.06        32994   1353666832    12783       916.00        88.00   559093898094080.06   559093898094741.38    0.25    14.11   1775.43 
 30.67        34698   1353460677    12779       912.00        86.00   531637099363549.81   531637099364211.88    0.26    14.12   1648.28 
 32.28        36368   1353300468    12775       908.00        84.00   507224595075803.25   507224595076468.00    0.26    14.12   1530.28 
 33.90        38071   1353088246    12772       906.00        82.00   484535317530855.62   484535317531520.94    0.26    14.13   1420.68 
 35.51        39771   1352883415    12769       903.00        80.00   463823994209791.31   463823994210456.88    0.26    14.14   1318.94 
 37.13        41406   1352775303    12766       899.00        78.00   445508961834469.31   445508961835137.19    0.26    14.15   1224.47 
 38.74        42890   1352664348    12766       893.00        76.00   430094289431531.25   430094289432204.75    0.26    14.16   1136.57 
 40.36        44545   1352440515    12758       890.00        74.00   414114806908041.88   414114806908719.25    0.26    14.16   1055.20 
 41.97        46194   1352327316    12756       888.00        72.00   399332036059209.75   399332036059888.50    0.26    14.17   979.67 
 43.58        47688   1352244406    12755       882.00        70.00   386821508004518.25   386821508005203.31    0.26    14.18   909.47 
 45.20        49143   1352100707    12754       877.00        68.00   375368701009702.50   375368701010392.44    0.27    14.18   844.30 
 46.81        50778   1352021796    12753       875.00        66.00   363282210282409.38   363282210283101.25    0.27    14.19   783.83 
 48.42        52304   1351937619    12749       871.00        64.00   352683237873211.94   352683237873909.94    0.27    14.20   727.72 

[1m     %   Iterations    Objective   Routes       Iter/s      Eta (s)   RR (micro)   LS (micro)   Gamma    Omega     Temp  [0m
                                                                                                                         
 50.04        53680   1351856101    12749       865.00        62.00   343642773355454.69   343642773356158.25    0.27    14.20   675.63 
 51.65        55064   1351797213    12748       860.00        60.00   335005522187292.75   335005522188003.06    0.27    14.21   627.24 
 53.27        57147   1351384835    12745       865.00        58.00   322794618680271.19   645589237361035.62    0.27    14.22   582.32 
 54.88        58581   1351234154    12741       861.00        56.00   314892952898069.06   629785905796636.50    0.27    14.23   540.63 
 56.49        59927   1351082197    12738       855.00        54.00   307820249198559.69   615640498397624.75    0.27    14.23   501.93 
 58.11        61271   1351011169    12738       850.00        52.00   301068108464400.94   602136216929315.62    0.28    14.24   465.96 
 59.72        62547   1350942053    12738       845.00        50.00   294926120736766.56   589852241474056.75    0.28    14.24   432.61 
 61.33        63748   1350874025    12736       838.00        48.00   289369769619796.06   578739539240124.62    0.28    14.25   401.62 
 62.95        65033   1350734748    12734       833.00        46.00   283652054706426.44   567304109413392.12    0.28    14.26   372.82 
 64.56        66192   1350687364    12734       827.00        44.00   278685401162123.38   557370802324795.56    0.28    14.26   346.08 
 66.18        67460   1350626743    12734       822.00        42.00   273447140138208.28   546894280276971.56    0.28    14.26   321.30 
 67.79        68571   1350436942    12732       816.00        40.00   269016699096174.25   538033398192912.25    0.28    14.27   298.29 
 69.41        69772   1350387514    12730       811.00        38.00   264386058500888.75   528772117002348.31    0.29    14.28   276.92 
 71.02        70912   1350336341    12730       805.00        36.00   260135718548683.53   520271437097945.81    0.29    14.28   257.08 
 72.63        72071   1350299332    12729       800.00        34.00   255952381314599.59   511904762629786.62    0.29    14.29   238.67 

[1m     %   Iterations    Objective   Routes       Iter/s      Eta (s)   RR (micro)   LS (micro)   Gamma    Omega     Temp  [0m
                                                                                                                         
 74.25        73339   1350246618    12728       797.00        32.00   251527073913262.09   503054147827118.38    0.29    14.29   221.55 

Optimizing for 5 minutes.

 75.86        74544   1350204128    12728       792.00        30.00   247461151450485.06   494922302901571.56    0.29    14.30   205.69 
 77.48        75671   1350171309    12727       788.00        28.00   243775608538610.12   487551217077828.75    0.29    14.30   190.96 
 79.09        77422   1350109496    12726       789.00        26.00   238262303656912.22   714786910971137.75    0.29    14.31   177.29 
 80.70        78575   1350068596    12726       785.00        24.00   234766071571436.88   704298214714718.62    0.29    14.31   164.60 
 82.32        79882   1349953265    12725       783.00        22.00   230924915171451.72   692774745514767.62    0.30    14.32   152.81 
 83.93        80801   1349917719    12725       776.00        20.00   228298462565142.56   684895387695848.88    0.30    14.32   141.85 
 85.55        81850   1349872859    12725       772.00        18.00   225372560460919.72   676117681383188.62    0.30    14.33   131.68 
 87.16        83063   1349806846    12725       769.00        16.00   222081360819216.00   666244082458080.38    0.30    14.33   122.26 
 88.77        84190   1349685709    12724       765.00        14.00   219108493570813.00   657325480712881.12    0.30    14.34   113.50 
 90.39        85250   1349644749    12721       761.00        12.00   216384094706474.47   649152284119873.12    0.30    14.34   105.36 
 92.00        86324   1349610589    12721       757.00        10.00   213691952107492.41   641075856322933.12    0.30    14.35    97.81 
 93.62        87377   1349571367    12721       753.00         8.00   211116702035173.53   633350106105985.25    0.30    14.35    90.79 
 95.24        88408   1349538166    12721       749.00         6.00   208654692717034.03   625964078151574.38    0.30    14.36    84.27 
 96.86        89561   1349492624    12721       746.00         4.00   205968491572534.84   617905474718080.75    0.30    14.36    78.21 

[1m     %   Iterations    Objective   Routes       Iter/s      Eta (s)   RR (micro)   LS (micro)   Gamma    Omega     Temp  [0m
                                                                                                                         
 98.47        90567   1349462237    12721       742.00         2.00   203680635040665.75   611041905122480.50    0.30    14.37    72.61 

Best solution found:
obj = 1349439951, n. routes = 12720

Run completed in 331 seconds 
Results stored in
 - results/bench/filo2_lombardia_check/Lombardia.vrp_seed-1.out
 - results/bench/filo2_lombardia_check/Lombardia.vrp_seed-1.vrp.sol
