Pre-processing the instance.
Done in 3 seconds.

Running CLARKE&WRIGHT to generate an initial solution.
Done in 0 seconds.
Initial solution: obj = 2.22316e+07, n. of routes = 810.

Setting up MOVEGENERATORS data structures.
Done in 0 seconds.
Using at most 596914 move-generators out of 400000000 total arcs (approx. 0.14923%)

Computing a greedy upper bound on the n. of routes.
Done in 2 milliseconds.
Around 800 routes should do the job.

Running ROUTEMIN heuristic for at most 1000 iterations.
Starting solution: obj = 2.2232e+07, n. of routes = 810.
Final solution: obj = 2.1932e+07, n. routes = 801
Done in 1 seconds.

Shaking LB = 380.75
Shaking UB = 863.03
Simulated annealing temperature goes from 1777.3 to 17.773.

Running COREOPT for 97 seconds.

[1m     %   Iterations    Objective   Routes       Iter/s      Eta (s)   RR (micro)   LS (micro)   Gamma    Omega     Temp  [0m
                                                                                                                         
  2.06         3725     21879703      803      1853.00        95.00        57.90       472.74    0.25    10.73   1616.19 
  4.12         7283     21862625      803      1816.00        93.00        60.98       481.71    0.25    11.55   1469.79 
  6.19        10623     21858097      802      1767.00        91.00        62.24       496.17    0.25    12.19   1336.53 
  8.25        13857     21852936      803      1729.00        89.00        63.51       507.48    0.25    12.81   1215.23 
 10.32        16936     21849770      803      1691.00        87.00        64.66       519.48    0.25    13.43   1105.10 
 12.38        19674     21832915      803      1638.00        85.00        66.14       537.18    0.25    13.91   1004.99 
 14.44        22431     21831635      803      1601.00        83.00        67.12       550.18    0.25    14.35   913.91 
 16.50        25268     21829486      803      1578.00        81.00        67.82       558.58    0.25    14.88   831.13 
 18.57        27985     21823747      801      1553.00        79.00        68.51       567.63    0.25    15.30   755.81 
 21.41        28207     21821491      801      1409.00        77.00        68.55       660.24    0.25    15.34   663.08 
 18.87        28403     21809297      802      1577.00        79.00        68.59   649464636613234.25    0.25    15.37   745.44 
 20.93        31020     21806967      802      1550.00        77.00        69.13   594672600700436.38    0.25    15.80   677.91 
 22.99        33623     21805542      801      1527.00        75.00        69.90   548634686783726.94    0.25    16.21   616.48 
 25.05        36157     21804187      801      1505.00        73.00        70.86   510184585937189.94    0.25    16.64   560.63 
 27.12        38668     21803724      801      1486.00        71.00        71.55   477054517268353.94    0.25    17.00   509.85 

[1m     %   Iterations    Objective   Routes       Iter/s      Eta (s)   RR (micro)   LS (micro)   Gamma    Omega     Temp  [0m
                                                                                                                         
 29.18        41041     21802652      801      1465.00        69.00        72.41   449471116048207.62    0.25    17.39   463.64 
 31.24        43354     21798476      801      1444.00        67.00        73.66   425491167452513.69    0.25    17.71   421.64 
 33.30        45580     21798476      801      1423.00        65.00        74.68   404711366251383.44    0.25    18.10   383.45 
 35.36        47848     21797603      801      1406.00        63.00        75.47   385528006891402.00    0.25    18.42   348.70 
 37.43        50161     21794941      801      1392.00        61.00        76.05   367750724143091.12    0.25    18.78   317.10 
 39.59        50790     21794941      801      1336.00        59.00        76.21   363196378691546.56    0.25    18.85   287.00 
 38.08        50947     21794305      802      1414.00        61.00        76.26   724154280869368.62    0.25    18.86   307.75 
 40.14        53255     21790047      801      1401.00        59.00        76.87   692770409303416.25    0.25    19.21   279.88 
 42.20        55512     21788413      801      1387.00        57.00        77.47   664603836061666.38    0.26    19.58   254.52 
 44.26        57774     21784912      800      1375.00        55.00        78.09   638582894510628.50    0.26    19.90   231.46 
 46.33        60071     21782096      800      1364.00        53.00        78.63   614164707553708.62    0.26    20.34   210.48 
 48.39        62057     21782096      800      1348.00        51.00        79.31   594509695078083.88    0.26    20.68   191.42 
 50.45        64005     21780785      800      1333.00        49.00        80.12   576415719825989.25    0.27    20.97   174.05 
 52.52        65799     21778958      800      1315.00        47.00        81.06   560699830505997.69    0.27    21.21   158.29 
 54.58        67554     21777342      800      1298.00        45.00        81.98   546133288146756.38    0.27    21.47   143.95 

[1m     %   Iterations    Objective   Routes       Iter/s      Eta (s)   RR (micro)   LS (micro)   Gamma    Omega     Temp  [0m
                                                                                                                         
 56.64        69302     21775551      800      1283.00        43.00        82.83   532358202468439.00    0.27    21.71   130.91 
 58.70        71134     21771731      800      1270.00        41.00        83.69   518647737333336.19    0.27    22.02   119.04 
 60.76        72877     21769888      800      1256.00        39.00        84.52   506243233770205.38    0.27    22.27   108.26 
 62.83        74737     21767119      800      1245.00        37.00        85.38   493644221034736.75    0.27    22.48    98.45 
 64.89        76547     21765067      800      1234.00        35.00        86.20   481971705585781.81    0.27    22.75    89.51 
 66.96        78319     21762966      800      1223.00        33.00        87.00   471066894974099.81    0.27    22.93    81.40 
 69.02        80121     21761381      800      1213.00        31.00        87.77   460472137735153.38    0.27    23.22    74.03 
 71.08        81932     21758146      800      1204.00        29.00        88.53   450294001702387.81    0.27    23.44    67.32 
 69.55        82156     21758146      800      1226.00        30.00   224533132987427.50   449066265975464.38    0.27    23.51    72.24 
 71.61        83948     21757594      800      1216.00        28.00   219740125717293.28   439480251435198.12    0.27    23.75    65.70 
 73.67        85793     21757061      800      1208.00        26.00   215014559156522.97   430029118313658.88    0.27    24.07    59.74 
 75.74        87518     21755365      800      1198.00        24.00   210776572518976.56   421553145038569.12    0.27    24.24    54.33 
 77.80        89336     21753533      800      1190.00        22.00   206487240012044.81   412974480024708.00    0.27    24.38    49.41 
 79.86        91173     21752506      800      1183.00        20.00   202326830023320.75   404653660047262.12    0.27    24.77    44.93 
 81.93        93059     21749938      800      1177.00        18.00   198226330325024.28   396452660650670.12    0.27    25.11    40.85 

[1m     %   Iterations    Objective   Routes       Iter/s      Eta (s)   RR (micro)   LS (micro)   Gamma    Omega     Temp  [0m
                                                                                                                         
 83.99        94918     21747239      800      1171.00        16.00   194344002967999.97   388688005936622.69    0.27    25.33    37.15 
 86.05        96728     21746302      800      1165.00        14.00   190707386420858.81   381414772842342.25    0.27    25.53    33.79 
 88.11        98560     21744835      800      1159.00        12.00   187162581916772.22   374325163834169.81    0.27    25.78    30.73 
 90.18       100365     21744631      800      1153.00        10.00   183796583208462.31   367593166417550.50    0.27    25.99    27.94 
 92.24       102190     21742258      800      1148.00         8.00   180514180190993.16   361028360382612.38    0.27    26.29    25.41 
 94.30       104026     21740469      800      1143.00         6.00   177328207118584.53   354656414237795.25    0.27    26.48    23.11 
 96.36       105872     21739947      800      1138.00         4.00   174236286021971.19   348472572044568.69    0.27    26.75    21.01 
 98.43       107580     21739455      800      1132.00         2.00   171470013698813.50   342940027398255.25    0.27    26.91    19.11 

Best solution found:
obj = 21738409, n. routes = 800

Run completed in 102 seconds 
Results stored in
 - results/bench/filo2_convergence_vda/t102_/Valle-D-Aosta.vrp_seed-1.out
 - results/bench/filo2_convergence_vda/t102_/Valle-D-Aosta.vrp_seed-1.vrp.sol
