Pre-processing the instance.
Done in 3 seconds.

Running CLARKE&WRIGHT to generate an initial solution.
Done in 0 seconds.
Initial solution: obj = 2.22316e+07, n. of routes = 810.

Setting up MOVEGENERATORS data structures.
Done in 0 seconds.
Using at most 596914 move-generators out of 400000000 total arcs (approx. 0.14923%)

Computing a greedy upper bound on the n. of routes.
Done in 2 milliseconds.
Around 800 routes should do the job.

Running ROUTEMIN heuristic for at most 1000 iterations.
Starting solution: obj = 2.2232e+07, n. of routes = 810.
Final solution: obj = 2.1932e+07, n. routes = 801
Done in 1 seconds.

Shaking LB = 380.75
Shaking UB = 863.03
Simulated annealing temperature goes from 1777.3 to 17.773.

Running COREOPT for 81 seconds.

[1m     %   Iterations    Objective   Routes       Iter/s      Eta (s)   RR (micro)   LS (micro)   Gamma    Omega     Temp  [0m
                                                                                                                         
  2.47         4266     21872552      802      2122.00        79.00        50.42       412.72    0.25    10.88   1586.24 
  4.94         8315     21861105      803      2073.00        77.00        51.90       423.64    0.25    11.80   1415.75 
  7.41        11955     21855115      802      1989.00        75.00        53.86       442.29    0.25    12.54   1263.58 
  9.88        15317     21853569      802      1912.00        73.00        55.44       461.12    0.25    13.17   1127.70 
 12.35        18423     21853569      802      1840.00        71.00        57.02       479.69    0.25    13.77   1006.50 
 14.82        21403     21853569      802      1782.00        69.00        58.53       496.00    0.25    14.24   898.22 
 17.29        24217     21844155      802      1728.00        67.00        59.74       510.98    0.25    14.70   801.67 
 19.76        26994     21842777      802      1686.00        65.00        61.22       524.12    0.25    15.20   715.47 
 22.23        29811     21834566      802      1655.00        63.00        62.52       533.92    0.25    15.62   638.57 
 24.70        32452     21831136      802      1621.00        61.00        63.70       545.18    0.25    16.08   569.90 
 27.17        34948     21825549      802      1587.00        59.00        64.78       557.22    0.25    16.44   508.65 
 29.64        37536     21820299      802      1563.00        57.00        65.79       566.05    0.25    16.80   453.95 
 32.11        39913     21817467      801      1534.00        55.00        66.69       577.12    0.25    17.15   405.16 
 34.58        42266     21817467      801      1508.00        53.00        67.66       587.25    0.25    17.53   361.61 
 37.04        44613     21813674      801      1486.00        51.00        68.52       596.21    0.25    17.92   322.75 

[1m     %   Iterations    Objective   Routes       Iter/s      Eta (s)   RR (micro)   LS (micro)   Gamma    Omega     Temp  [0m
                                                                                                                         
 39.51        46913     21811332      800      1465.00        49.00        69.37       604.98    0.25    18.28   288.04 
 41.98        49236     21806227      800      1447.00        47.00        70.19       612.47    0.26    18.65   257.08 
 44.45        51549     21802420      802      1431.00        45.00        70.95       619.47    0.26    18.98   229.44 
 46.92        53757     21801736      800      1414.00        43.00        71.65       627.26    0.26    19.33   204.78 
 49.39        55920     21783296      800      1397.00        41.00        72.36       634.87    0.26    19.64   182.76 
 51.86        57960     21782736      800      1379.00        39.00        72.97       643.52    0.27    19.90   163.11 
 54.33        59948     21779327      800      1362.00        37.00        73.76       652.00    0.27    20.19   145.57 
 56.80        61967     21776697      801      1346.00        35.00        74.51       659.54    0.27    20.46   129.92 
 59.27        63931     21775255      801      1331.00        33.00        75.27       667.22    0.27    20.85   115.95 
 61.74        65877     21774296      800      1317.00        31.00        76.01       674.54    0.27    21.16   103.48 
 64.22        67837     21770985      800      1304.00        29.00        76.81       681.24    0.27    21.49    92.35 
 66.69        69906     21766866      800      1294.00        27.00        77.67       686.23    0.27    21.75    82.42 
 69.16        72020     21765411      800      1285.00        25.00        78.48       690.51    0.27    22.21    73.56 
 71.63        74070     21763995      800      1276.00        23.00        79.31       695.12    0.27    22.53    65.65 
 74.10        76094     21762029      800      1268.00        21.00        80.13       699.68    0.27    22.81    58.59 

[1m     %   Iterations    Objective   Routes       Iter/s      Eta (s)   RR (micro)   LS (micro)   Gamma    Omega     Temp  [0m
                                                                                                                         
 76.57        78113     21760490      800      1259.00        19.00        80.92       704.07    0.27    23.09    52.29 
 79.04        80135     21758924      800      1251.00        17.00        81.67       708.24    0.27    23.38    46.66 
 81.51        82198     21756394      800      1245.00        15.00        82.48       711.67    0.27    23.78    41.65 
 83.98        84315     21753396      800      1239.00        13.00        83.26       714.39    0.27    24.08    37.17 
 86.45        86456     21752453      800      1234.00        11.00        84.08       716.70    0.27    24.50    33.18 
 88.92        88539     21750357      800      1229.00         9.00        84.84       719.44    0.27    24.84    29.61 
 91.39        90663     21748098      800      1225.00         7.00        85.66       721.59    0.26    25.09    26.43 
 93.86        92785     21746988      800      1220.00         5.00        86.48       723.62    0.26    25.44    23.59 
 96.33        94931     21745675      800      1216.00         3.00        87.18       725.45    0.26    25.82    21.05 
 98.80        97001     21744438      800      1212.00         1.00        88.00       727.69    0.26    26.10    18.79 

Best solution found:
obj = 21744223, n. routes = 800

Run completed in 86 seconds 
Results stored in
 - results/bench/filo2_vda_matched/Valle-D-Aosta.vrp_seed-1.out
 - results/bench/filo2_vda_matched/Valle-D-Aosta.vrp_seed-1.vrp.sol
