Pre-processing the instance.
Done in 3 seconds.

Running CLARKE&WRIGHT to generate an initial solution.
Done in 0 seconds.
Initial solution: obj = 2.22316e+07, n. of routes = 810.

Setting up MOVEGENERATORS data structures.
Done in 0 seconds.
Using at most 596914 move-generators out of 400000000 total arcs (approx. 0.14923%)

Computing a greedy upper bound on the n. of routes.
Done in 3 milliseconds.
Around 800 routes should do the job.

Running ROUTEMIN heuristic for at most 1000 iterations.
Starting solution: obj = 2.2232e+07, n. of routes = 810.
Final solution: obj = 2.1975e+07, n. routes = 802
Done in 1 seconds.

Shaking LB = 381.45
Shaking UB = 864.62
Simulated annealing temperature goes from 1787.3 to 17.873.

Running COREOPT for 82 seconds.

[1m     %   Iterations    Objective   Routes       Iter/s      Eta (s)   RR (micro)   LS (micro)   Gamma    Omega     Temp  [0m
                                                                                                                         
  2.44         3806     21905695      803      1893.00        80.00        52.36       467.01    0.25    10.83   1597.43 
  4.88         7568     21884604      802      1887.00        78.00        54.04       468.33    0.25    11.66   1427.72 
  7.32        11097     21872264      803      1846.00        76.00        55.28       479.34    0.25    12.28   1276.03 
  9.76        14350     21870371      802      1791.00        74.00        57.50       493.95    0.25    12.91   1140.40 
 12.20        17203     21863959      802      1718.00        72.00        59.73       514.76    0.25    13.45   1019.24 
 14.64        20312     21856245      802      1691.00        70.00        61.26       522.89    0.25    14.10   910.75 
 17.08        23254     21852730      801      1659.00        68.00        62.34       533.00    0.25    14.69   813.94 
 19.52        26140     21834357      803      1632.00        66.00        63.81       541.56    0.25    15.30   727.47 
 21.96        28891     21828790      802      1604.00        64.00        65.24       550.98    0.25    15.80   650.14 
 24.40        31609     21826420      801      1579.00        62.00        66.40       559.44    0.25    16.28   581.07 
 26.84        34270     21824410      802      1557.00        60.00        67.40       567.68    0.25    16.74   519.33 
 29.28        36740     21823715      801      1530.00        58.00        68.35       577.87    0.25    17.10   464.13 
 31.72        39258     21809791      801      1509.00        56.00        69.23       585.96    0.25    17.56   414.80 
 34.16        41756     21808310      801      1490.00        54.00        70.04       593.46    0.25    17.92   370.73 
 36.60        44234     21805042      801      1473.00        52.00        70.86       600.35    0.25    18.33   331.21 

[1m     %   Iterations    Objective   Routes       Iter/s      Eta (s)   RR (micro)   LS (micro)   Gamma    Omega     Temp  [0m
                                                                                                                         
 39.04        46685     21800720      801      1458.00        50.00        71.85       606.46    0.25    18.72   296.02 
 41.48        49026     21800362      801      1441.00        48.00        72.74       613.62    0.25    19.10   264.56 
 43.93        51372     21800362      801      1426.00        46.00        73.60       620.05    0.26    19.45   236.42 
 46.37        53614     21799591      801      1410.00        44.00        74.41       627.04    0.26    19.75   211.29 
 48.80        55767     21796268      801      1393.00        42.00        75.25       634.57    0.26    20.12   188.85 
 51.24        57878     21793678      801      1377.00        40.00        76.04       642.10    0.26    20.44   168.78 
 53.68        59865     21792822      801      1360.00        38.00        76.88       650.52    0.27    20.79   150.85 
 56.12        61840     21790227      801      1344.00        36.00        77.68       658.49    0.27    21.15   134.82 
 58.56        63767     21786763      801      1328.00        34.00        78.41       666.51    0.27    21.38   120.49 
 61.00        65708     21784769      801      1313.00        32.00        79.18       673.84    0.27    21.67   107.69 
 63.44        67724     21781726      800      1302.00        30.00        79.96       679.85    0.27    21.94    96.25 
 65.88        69746     21780925      800      1291.00        28.00        80.71       685.44    0.27    22.26    86.02 
 68.32        71756     21778412      800      1281.00        26.00        81.49       690.77    0.27    22.54    76.88 
 70.76        73780     21777355      800      1271.00        24.00        82.11       695.80    0.27    22.85    68.71 
 73.20        75765     21775013      800      1262.00        22.00        82.82       700.82    0.27    23.20    61.40 

[1m     %   Iterations    Objective   Routes       Iter/s      Eta (s)   RR (micro)   LS (micro)   Gamma    Omega     Temp  [0m
                                                                                                                         
 75.64        77725     21772595      800      1253.00        20.00        83.56       705.79    0.27    23.57    54.88 
 78.08        79686     21770733      800      1244.00        18.00        84.35       710.41    0.27    23.97    49.05 
 80.52        81718     21768625      800      1237.00        16.00        85.09       714.10    0.27    24.35    43.84 
 82.96        83676     21767877      800      1230.00        14.00        85.90       718.26    0.27    24.64    39.18 
 85.40        85574     21766593      800      1222.00        12.00        86.68       722.80    0.27    25.02    35.01 
 87.84        87651     21764027      800      1217.00        10.00        87.42       725.44    0.27    25.32    31.29 
 90.28        89659     21762897      800      1211.00         8.00        88.25       728.48    0.27    25.68    27.97 
 92.72        91662     21761765      800      1205.00         6.00        89.05       731.44    0.27    26.05    24.99 
 95.16        93632     21760861      800      1200.00         4.00        89.85       734.51    0.27    26.34    22.34 
 97.60        95657     21758481      800      1195.00         2.00        90.61       736.97    0.27    26.63    19.96 

Best solution found:
obj = 21757348, n. routes = 800

Run completed in 86 seconds 
Results stored in
 - results/bench/filo2_vda_matched/Valle-D-Aosta.vrp_seed-3.out
 - results/bench/filo2_vda_matched/Valle-D-Aosta.vrp_seed-3.vrp.sol
