Pre-processing the instance.
Done in 3 seconds.

Running CLARKE&WRIGHT to generate an initial solution.
Done in 0 seconds.
Initial solution: obj = 2.22316e+07, n. of routes = 810.

Setting up MOVEGENERATORS data structures.
Done in 0 seconds.
Using at most 596914 move-generators out of 400000000 total arcs (approx. 0.14923%)

Computing a greedy upper bound on the n. of routes.
Done in 2 milliseconds.
Around 800 routes should do the job.

Running ROUTEMIN heuristic for at most 1000 iterations.
Starting solution: obj = 2.2232e+07, n. of routes = 810.
Final solution: obj = 2.1909e+07, n. routes = 802
Done in 1 seconds.

Shaking LB = 380.32
Shaking UB = 862.05
Simulated annealing temperature goes from 1786.7 to 17.867.

Running COREOPT for 82 seconds.

[1m     %   Iterations    Objective   Routes       Iter/s      Eta (s)   RR (micro)   LS (micro)   Gamma    Omega     Temp  [0m
                                                                                                                         
  2.44         4448     21846429      803      2212.00        80.00        50.80       393.89    0.25    10.95   1596.84 
  4.88         8485     21843814      803      2115.00        78.00        52.15       413.22    0.25    11.84   1427.18 
  7.32        12220     21840949      802      2033.00        76.00        54.01       431.41    0.25    12.64   1275.56 
  9.76        15566     21828620      803      1943.00        74.00        55.88       452.07    0.25    13.30   1139.97 
 12.20        18891     21824463      803      1887.00        72.00        57.53       465.77    0.25    14.00   1018.80 
 14.64        21949     21814205      802      1827.00        70.00        59.00       481.52    0.25    14.54   910.56 
 17.08        24914     21813729      802      1778.00        68.00        60.56       495.12    0.25    15.07   813.77 
 19.52        27767     21812749      802      1734.00        66.00        62.00       507.89    0.25    15.58   727.32 
 21.95        30523     21812749      802      1694.00        64.00        63.37       520.09    0.25    16.10   650.04 
 24.39        33162     21812286      802      1657.00        62.00        64.68       531.73    0.25    16.52   580.98 
 26.83        35790     21809905      801      1626.00        60.00        65.79       542.17    0.25    16.95   519.23 
 29.27        38244     21806784      801      1592.00        58.00        66.80       553.89    0.25    17.36   464.06 
 31.71        40683     21803986      802      1564.00        56.00        67.86       564.25    0.25    17.70   414.76 
 34.15        43115     21803636      802      1539.00        54.00        68.90       573.50    0.25    18.13   370.67 
 36.59        45439     21802948      802      1514.00        52.00        69.99       583.11    0.25    18.42   331.27 

[1m     %   Iterations    Objective   Routes       Iter/s      Eta (s)   RR (micro)   LS (micro)   Gamma    Omega     Temp  [0m
                                                                                                                         
 39.03        47635     21798172      801      1488.00        50.00        70.87       593.72    0.26    18.78   296.05 
 41.47        49820     21798172      801      1464.00        48.00        71.79       603.46    0.26    19.16   264.59 
 43.91        52008     21794612      801      1444.00        46.00        72.68       612.15    0.26    19.60   236.47 
 46.36        54097     21793464      801      1423.00        44.00        73.47       621.55    0.27    20.01   211.31 
 48.80        56151     21792147      801      1403.00        42.00        74.27       630.60    0.27    20.30   188.85 
 51.24        58166     21789283      801      1384.00        40.00        75.06       639.40    0.27    20.64   168.78 
 53.68        60132     21785643      800      1366.00        38.00        75.89       648.08    0.27    20.95   150.84 
 56.11        62128     21782802      801      1350.00        36.00        76.66       655.90    0.27    21.23   134.82 
 58.55        64105     21780922      800      1335.00        34.00        77.49       663.33    0.28    21.62   120.49 
 60.99        65910     21779686      800      1317.00        32.00        78.32       672.21    0.28    21.88   107.69 
 63.43        67764     21778787      800      1302.00        30.00        79.10       680.12    0.28    22.21    96.25 
 65.88        69630     21773184      800      1289.00        28.00        79.86       687.44    0.28    22.50    86.01 
 68.32        71646     21770919      800      1279.00        26.00        80.69       692.67    0.28    22.79    76.86 
 70.75        73657     21754574      800      1269.00        24.00        81.53       697.55    0.27    23.10    68.70 
 73.20        75644     21753271      800      1260.00        22.00        82.39       702.40    0.28    23.45    61.40 

[1m     %   Iterations    Objective   Routes       Iter/s      Eta (s)   RR (micro)   LS (micro)   Gamma    Omega     Temp  [0m
                                                                                                                         
 75.63        77630     21751459      800      1251.00        20.00        83.19       707.02    0.27    23.84    54.87 
 78.07        79535     21749878      800      1242.00        18.00        84.13       712.01    0.27    24.13    49.04 
 80.52        81482     21749039      800      1234.00        16.00        84.99       716.45    0.27    24.48    43.82 
 82.96        83527     21746980      800      1228.00        14.00        85.79       719.71    0.27    24.86    39.17 
 85.40        85656     21745113      800      1223.00        12.00        86.51       722.07    0.27    25.32    35.00 
 87.84        87785     21742937      800      1219.00        10.00        87.18       724.33    0.27    25.63    31.28 
 90.28        89913     21741441      800      1214.00         8.00        87.92       726.39    0.27    26.02    27.96 
 92.72        91928     21740117      800      1209.00         6.00        88.65       729.35    0.27    26.32    24.99 
 95.15        94033     21738222      800      1205.00         4.00        89.45       731.28    0.27    26.68    22.33 
 97.60        96152     21736901      800      1201.00         2.00        90.27       732.95    0.27    27.07    19.96 

Best solution found:
obj = 21735977, n. routes = 800

Run completed in 86 seconds 
Results stored in
 - results/bench/filo2_vda_matched/Valle-D-Aosta.vrp_seed-4.out
 - results/bench/filo2_vda_matched/Valle-D-Aosta.vrp_seed-4.vrp.sol
