Pre-processing the instance.
Done in 3 seconds.

Running CLARKE&WRIGHT to generate an initial solution.
Done in 0 seconds.
Initial solution: obj = 2.22316e+07, n. of routes = 810.

Setting up MOVEGENERATORS data structures.
Done in 0 seconds.
Using at most 596914 move-generators out of 400000000 total arcs (approx. 0.14923%)

Computing a greedy upper bound on the n. of routes.
Done in 2 milliseconds.
Around 800 routes should do the job.

Running ROUTEMIN heuristic for at most 1000 iterations.
Starting solution: obj = 2.2232e+07, n. of routes = 810.
Final solution: obj = 2.1931e+07, n. routes = 802
Done in 1 seconds.

Shaking LB = 380.69
Shaking UB = 862.9
Simulated annealing temperature goes from 1774.2 to 17.742.

Running COREOPT for 82 seconds.

[1m     %   Iterations    Objective   Routes       Iter/s      Eta (s)   RR (micro)   LS (micro)   Gamma    Omega     Temp  [0m
                                                                                                                         
  2.44         3763     21854849      803      1872.00        80.00        50.28       475.05    0.25    10.71   1585.71 
  4.88         7521     21841506      804      1875.00        78.00        52.40       473.29    0.25    11.56   1417.24 
  7.32        11098     21831014      803      1846.00        76.00        53.95       480.71    0.25    12.27   1266.45 
  9.76        14288     21828139      802      1783.00        74.00        55.59       498.40    0.25    12.93   1131.90 
 12.20        17571     21807835      803      1755.00        72.00        57.34       505.73    0.25    13.56   1011.42 
 14.64        20605     21807835      803      1715.00        70.00        58.89       517.48    0.25    14.14   903.96 
 17.08        23457     21805672      802      1674.00        68.00        60.31       530.41    0.25    14.69   807.83 
 19.52        26395     21800605      801      1648.00        66.00        61.23       538.60    0.25    15.21   722.01 
 21.96        29265     21792799      802      1624.00        64.00        62.46       546.22    0.25    15.72   645.26 
 24.40        32000     21791452      802      1599.00        62.00        63.61       554.87    0.25    16.28   576.71 
 26.84        34665     21791035      802      1574.00        60.00        64.72       563.47    0.25    16.76   515.41 
 29.28        37205     21790618      802      1549.00        58.00        65.85       572.64    0.25    17.15   460.65 
 31.72        39715     21788148      802      1526.00        56.00        66.93       581.00    0.25    17.56   411.71 
 34.16        42217     21784867      801      1507.00        54.00        67.97       588.40    0.25    17.95   367.97 
 36.60        44640     21783241      802      1487.00        52.00        68.94       596.20    0.25    18.45   328.85 

[1m     %   Iterations    Objective   Routes       Iter/s      Eta (s)   RR (micro)   LS (micro)   Gamma    Omega     Temp  [0m
                                                                                                                         
 39.04        46972     21781622      801      1467.00        50.00        69.92       604.37    0.25    18.86   293.90 
 41.48        49107     21781622      801      1443.00        48.00        70.75       614.63    0.26    19.23   262.67 
 43.92        51256     21779763      801      1423.00        46.00        71.56       623.53    0.26    19.58   234.77 
 46.36        53405     21776634      801      1405.00        44.00        72.47       631.70    0.26    19.95   209.81 
 48.80        55464     21773223      801      1386.00        42.00        73.33       640.37    0.26    20.33   187.52 
 51.24        57394     21772209      801      1366.00        40.00        74.22       649.98    0.27    20.64   167.60 
 53.68        59157     21771251      801      1344.00        38.00        75.13       660.99    0.27    21.01   149.78 
 56.12        61064     21769636      800      1327.00        36.00        75.82       669.74    0.27    21.31   133.86 
 58.56        63009     21767343      800      1312.00        34.00        76.46       677.51    0.28    21.70   119.63 
 61.00        64967     21764730      800      1299.00        32.00        77.14       684.54    0.28    22.05   106.92 
 63.44        66873     21762492      801      1285.00        30.00        77.86       691.70    0.28    22.26    95.56 
 65.88        68853     21758503      801      1274.00        28.00        78.62       697.57    0.27    22.60    85.40 
 68.32        70777     21755288      800      1263.00        26.00        79.36       703.68    0.27    22.82    76.32 
 70.76        72797     21752071      800      1254.00        24.00        80.11       708.40    0.27    23.20    68.20 
 73.20        74694     21751325      800      1244.00        22.00        80.94       714.04    0.27    23.54    60.96 

[1m     %   Iterations    Objective   Routes       Iter/s      Eta (s)   RR (micro)   LS (micro)   Gamma    Omega     Temp  [0m
                                                                                                                         
 75.64        76700     21749448      800      1236.00        20.00        81.78       718.22    0.27    23.82    54.48 
 78.08        78740     21748048      800      1230.00        18.00        82.71       721.70    0.27    24.18    48.69 
 80.52        80739     21746643      800      1223.00        16.00        83.54       725.48    0.27    24.57    43.51 
 82.96        82687     21745398      800      1215.00        14.00        84.36       729.53    0.27    24.87    38.89 
 85.40        84574     21743437      800      1208.00        12.00        85.19       733.93    0.27    25.14    34.76 
 87.84        86508     21740970      800      1201.00        10.00        86.03       737.65    0.27    25.49    31.06 
 90.28        88520     21738720      800      1196.00         8.00        86.88       740.44    0.27    25.84    27.76 
 92.72        90459     21737847      800      1190.00         6.00        87.72       743.76    0.27    26.10    24.81 
 95.16        92458     21735797      800      1185.00         4.00        88.53       746.36    0.27    26.40    22.17 
 97.60        94540     21734179      800      1181.00         2.00        89.31       748.12    0.27    26.77    19.82 

Best solution found:
obj = 21733333, n. routes = 800

Run completed in 86 seconds 
Results stored in
 - results/bench/filo2_vda_matched/Valle-D-Aosta.vrp_seed-5.out
 - results/bench/filo2_vda_matched/Valle-D-Aosta.vrp_seed-5.vrp.sol
