Pre-processing the instance.
Done in 3 seconds.

Running CLARKE&WRIGHT to generate an initial solution.
Done in 0 seconds.
Initial solution: obj = 2.22316e+07, n. of routes = 810.

Setting up MOVEGENERATORS data structures.
Done in 0 seconds.
Using at most 596914 move-generators out of 400000000 total arcs (approx. 0.14923%)

Computing a greedy upper bound on the n. of routes.
Done in 2 milliseconds.
Around 800 routes should do the job.

Running ROUTEMIN heuristic for at most 1000 iterations.
Starting solution: obj = 2.2232e+07, n. of routes = 810.
Final solution: obj = 2.1903e+07, n. routes = 802
Done in 1 seconds.

Shaking LB = 380.21
Shaking UB = 861.81
Simulated annealing temperature goes from 1786.9 to 17.869.

Running COREOPT for 82 seconds.

[1m     %   Iterations    Objective   Routes       Iter/s      Eta (s)   RR (micro)   LS (micro)   Gamma    Omega     Temp  [0m
                                                                                                                         
  2.44         4566     21850468      803      2271.00        80.00        52.29       380.18    0.25    10.96   1597.02 
  4.88         8587     21845145      803      2141.00        78.00        53.98       406.54    0.25    11.82   1427.35 
  7.32        12254     21842087      803      2038.00        76.00        55.71       428.40    0.25    12.62   1275.70 
  9.76        15666     21841604      803      1955.00        74.00        57.52       447.32    0.25    13.33   1140.11 
 12.20        18860     21826334      803      1884.00        72.00        59.15       465.12    0.25    13.93   1018.92 
 14.64        21917     21821276      802      1824.00        70.00        60.63       480.80    0.25    14.57   910.67 
 17.08        24982     21815872      801      1783.00        68.00        61.99       492.17    0.25    15.14   813.87 
 19.52        27853     21814680      803      1739.00        66.00        63.19       505.05    0.25    15.67   727.36 
 21.96        30563     21814161      803      1697.00        64.00        64.29       518.26    0.25    16.16   650.01 
 24.40        33362     21811214      802      1667.00        62.00        65.51       527.52    0.25    16.72   580.92 
 26.84        35864     21810141      802      1629.00        60.00        66.87       540.07    0.25    17.20   519.20 
 29.28        38300     21808069      802      1595.00        58.00        68.24       551.67    0.25    17.59   464.04 
 31.72        40662     21806046      801      1563.00        56.00        69.52       563.08    0.25    17.97   414.74 
 34.16        43011     21788658      802      1535.00        54.00        70.53       573.56    0.25    18.30   370.65 
 36.60        45258     21788658      802      1508.00        52.00        71.58       584.39    0.25    18.64   331.28 

[1m     %   Iterations    Objective   Routes       Iter/s      Eta (s)   RR (micro)   LS (micro)   Gamma    Omega     Temp  [0m
                                                                                                                         
 39.03        47440     21786725      801      1482.00        50.00        72.50       594.92    0.26    18.99   296.08 
 41.47        49658     21784364      801      1460.00        48.00        73.32       604.14    0.26    19.42   264.61 
 43.91        51747     21781077      801      1437.00        46.00        74.20       614.12    0.26    19.73   236.50 
 46.35        53818     21779827      801      1415.00        44.00        75.05       623.56    0.27    20.12   211.36 
 48.79        55897     21775695      801      1397.00        42.00        75.96       632.07    0.27    20.51   188.89 
 51.23        57614     21775234      801      1371.00        40.00        76.92       644.45    0.27    20.72   168.81 
 53.67        59532     21772023      801      1352.00        38.00        77.72       653.63    0.27    21.05   150.87 
 56.11        61476     21768966      801      1336.00        36.00        78.57       661.84    0.27    21.40   134.84 
 58.55        63434     21768944      801      1321.00        34.00        79.18       669.62    0.28    21.77   120.52 
 60.99        65415     21767593      800      1308.00        32.00        79.86       676.46    0.28    22.05   107.71 
 63.43        67370     21763692      801      1295.00        30.00        80.53       683.19    0.27    22.29    96.27 
 65.87        69289     21761982      800      1282.00        28.00        81.23       689.91    0.28    22.58    86.04 
 68.31        71237     21760367      800      1271.00        26.00        81.95       695.89    0.28    22.96    76.89 
 70.75        73172     21756889      800      1261.00        24.00        82.65       701.65    0.27    23.18    68.72 
 73.19        75099     21754693      800      1251.00        22.00        83.40       707.13    0.27    23.46    61.42 

[1m     %   Iterations    Objective   Routes       Iter/s      Eta (s)   RR (micro)   LS (micro)   Gamma    Omega     Temp  [0m
                                                                                                                         
 75.63        76997     21753341      800      1241.00        20.00        84.18       712.58    0.27    23.84    54.89 
 78.07        79037     21751428      800      1234.00        18.00        84.97       716.29    0.27    24.19    49.06 
 80.51        81042     21750196      800      1227.00        16.00        85.73       720.13    0.27    24.44    43.84 
 82.95        83001     21748611      800      1220.00        14.00        86.53       724.14    0.27    24.76    39.18 
 85.39        85040     21746040      800      1214.00        12.00        87.35       727.13    0.27    25.14    35.02 
 87.83        86995     21743934      800      1208.00        10.00        88.10       730.83    0.27    25.47    31.30 
 90.27        89043     21742250      800      1203.00         8.00        88.87       733.45    0.27    25.77    27.97 
 92.71        91072     21740539      800      1198.00         6.00        89.69       736.05    0.27    26.14    25.00 
 95.15        93044     21739650      800      1192.00         4.00        90.55       738.96    0.27    26.50    22.34 
 97.59        95111     21738047      800      1188.00         2.00        91.30       740.97    0.27    26.79    19.97 

Best solution found:
obj = 21736423, n. routes = 800

Run completed in 86 seconds 
Results stored in
 - results/bench/filo2_vda_matched/Valle-D-Aosta.vrp_seed-2.out
 - results/bench/filo2_vda_matched/Valle-D-Aosta.vrp_seed-2.vrp.sol
